EEG,Alpha,delta,gamma,low_beta,high_beta,theta,Attention,Meditation
5.012751216292381,0.017078841105103493,0.052798788994550705,0.06171324849128723,0.05412478744983673,0.04863939806818962,0.027399852871894836,39.9882698059082,16.670581817626953
20.275582113862036,0.018122399225831032,0.052620500326156616,0.056358709931373596,0.04799829050898552,0.038577258586883545,0.028039151802659035,41.75403594970703,16.381811141967773
-3.0969114339351655,0.02223631739616394,0.05565502494573593,0.060833193361759186,0.0504642017185688,0.04508553817868233,0.03278243541717529,38.17384338378906,15.958669662475586
46.55446050167084,0.018993116915225983,0.2747873067855835,0.06297279894351959,0.05274428054690361,0.05077996477484703,0.07116696983575821,35.62021255493164,15.703140258789062
-9.787397935390473,0.024309178814291954,0.29100123047828674,0.06263863295316696,0.053127311170101166,0.05365375056862831,0.06996169686317444,34.466556549072266,15.296908378601074
-2.0185688591003417,0.02661113068461418,0.28729164600372314,0.05925893038511276,0.052399709820747375,0.05338897928595543,0.07592957466840744,37.981910705566406,15.8507080078125
-53.542069587707516,0.04795330762863159,0.31081339716911316,0.06064861640334129,0.07086949050426483,0.0573665052652359,0.18168091773986816,40.61656188964844,16.074216842651367
-3.079404517412186,0.053349819034338,0.3048393726348877,0.055406540632247925,0.07322445511817932,0.05458705499768257,0.1770496517419815,40.61656188964844,16.074216842651367
45.929409906864166,0.048786718398332596,0.1445765346288681,0.05299003794789314,0.07267867028713226,0.04296720027923584,0.17844392359256744,39.333404541015625,18.175701141357425
-10.067977061271668,0.05517643690109253,0.18475575745105743,0.04930220916867256,0.07495366036891937,0.03822002559900284,0.18502646684646606,39.89527893066406,18.951187133789062
-0.47171543568372726,0.055739227682352066,0.17792543768882751,0.04715137928724289,0.08137459307909012,0.04103153198957443,0.1823083758354187,43.86834716796875,19.668886184692383
-1.0609428215026855,0.04372148588299751,0.14878088235855103,0.047421734780073166,0.07125154137611389,0.03733932226896286,0.08540921658277512,47.043487548828125,20.402515411376957
3.892054891958833,0.03879398852586746,0.1286085546016693,0.03893952816724777,0.06143881008028984,0.033034324645996094,0.07638251036405563,50.27286148071289,21.67015647888184
3.631923966407776,0.03877245634794235,0.11871226876974106,0.037221040576696396,0.060188788920640945,0.03156176954507828,0.07015322893857956,52.69101333618164,23.715112686157227
-6.3982051736116405,0.026335904374718666,0.08066437393426895,0.03683674708008766,0.05093690752983093,0.028863830491900444,0.044279176741838455,54.32408142089844,25.10546875
0.7215815049409866,0.01600748859345913,0.03378449007868767,0.03936532512307167,0.0387483574450016,0.028132636100053787,0.02979850396513939,54.83713912963867,24.716012954711918
19.528808016777038,0.018837811425328255,0.051478609442710876,0.040366411209106445,0.04569316655397415,0.027746515348553658,0.030180715024471283,60.95816802978516,24.890220642089844
-9.70291995048523,0.019495278596878052,0.05436932295560837,0.041086308658123016,0.04845021292567253,0.028965111821889877,0.04161502793431282,60.95816802978516,24.890220642089844
26.36865567088127,0.028736166656017303,0.12675966322422028,0.04491375386714935,0.06332939863204956,0.03641291335225105,0.05105426907539368,64.09127807617188,26.07378578186035
7.42501100063324,0.027830954641103745,0.12907001376152039,0.045624952763319016,0.060351066291332245,0.038551561534404755,0.052790917456150055,67.19190979003906,27.22426986694336
-1.9336121654510499,0.03108995407819748,0.13506293296813965,0.04314979910850525,0.06428395956754684,0.035527389496564865,0.049445293843746185,70.05716705322266,28.41146469116211
-0.329549685716629,0.026351504027843475,0.1301284283399582,0.04141942784190178,0.05934419482946396,0.03660671040415764,0.048534948378801346,71.25533294677734,29.58285140991211
2.0930024760961534,0.02959229238331318,0.14326366782188416,0.0427531972527504,0.06369391083717346,0.03778984770178795,0.05693443864583969,72.10335540771484,31.12221908569336
-10.707258005142211,0.022533653303980827,0.09147067368030548,0.038418952375650406,0.05049322545528412,0.03374457359313965,0.053678710013628006,71.34605407714844,31.73890686035156
-8.652553342580795,0.023307090625166893,0.08996360003948212,0.03677695617079735,0.05128299072384834,0.028700435534119606,0.05126267671585083,71.3329849243164,32.783443450927734
-4.868410061448812,0.020044002681970596,0.08560444414615631,0.03664228692650795,0.04708973690867424,0.027335379272699356,0.04699517413973808,72.2972640991211,33.0361442565918
-4.056920070424676,0.015512160025537014,0.06624937802553177,0.036311980336904526,0.0524737648665905,0.028871681541204453,0.03756548464298248,69.91968536376953,33.71089172363281
-11.717681846618653,0.024228611961007118,0.07694972306489944,0.037140753120183945,0.03964420035481453,0.029200159013271332,0.04306533932685852,69.77093505859375,33.58830261230469
15.52765027999878,0.02472969889640808,0.0976540818810463,0.0399131141602993,0.05021676421165466,0.031521108001470566,0.05729153752326965,68.75463104248047,32.98121643066406
-2.2347605443000793,0.02596272900700569,0.09702744334936142,0.03921201825141907,0.04308879375457764,0.03294621407985687,0.05472932755947113,65.52250671386719,31.817672729492188
17.17947262994945,0.03014756552875042,0.11992399394512177,0.04310128837823868,0.0549890473484993,0.03819059953093529,0.07726899534463882,62.8621826171875,32.0479850769043
0.18845348089933395,0.03241576626896858,0.12222141027450562,0.04203128442168236,0.05610792711377144,0.0349004901945591,0.07622363418340683,59.34282302856445,31.110671997070312
-15.094372038841248,0.038562145084142685,0.10786867886781693,0.039576027542352676,0.05387549474835396,0.03545204922556877,0.063966765999794,55.33151626586914,30.779953002929688
25.20411791920662,0.039390597492456436,0.08841172605752945,0.03775424137711525,0.04931224510073662,0.031614359468221664,0.06114296615123749,54.06621551513672,29.347881317138672
51.82163287639618,0.055792730301618576,0.11201952397823334,0.045719947665929794,0.0695587545633316,0.04304879158735275,0.08891315013170242,53.652042388916016,28.31888198852539
-61.07999236226082,0.08292646706104279,0.15103429555892944,0.0652642771601677,0.10761400312185287,0.05527043715119362,0.10011281073093414,52.24969100952149,29.15913772583008
44.25048839092255,0.09364788234233856,0.17375151813030243,0.06745433807373047,0.12346131354570389,0.0582406111061573,0.11996851116418839,52.22111511230469,30.349267959594727
78.92913474082947,0.1171625554561615,0.19906288385391235,0.07734184712171555,0.14884239435195923,0.08211792260408401,0.13994430005550385,52.16054153442383,31.88717269897461
-5.104497747421265,0.11312989890575409,0.20256111025810242,0.08296064287424088,0.1544705033302307,0.08535467833280563,0.15886422991752625,51.56165313720703,34.320457458496094
-2.1010501465201377,0.11128583550453186,0.1982155740261078,0.077527716755867,0.14794446527957916,0.08044183999300003,0.14057138562202454,50.89228057861328,36.58173370361328
-1.0278457512427122,0.08374670892953873,0.14457447826862335,0.07328098267316818,0.13160525262355804,0.07111682742834091,0.12379282712936401,52.44764709472656,37.716705322265625
-2.4084375166893004,0.06665224581956863,0.1191304549574852,0.05525880306959152,0.08847646415233612,0.060031957924366,0.084465391933918,53.61017227172852,38.419654846191406
4.296146214306354,0.03432491421699524,0.08101358264684677,0.042746592313051224,0.049616795033216476,0.03419198468327522,0.06835553795099258,54.604434967041016,38.351295471191406
1.3543084501102567,0.009850310161709785,0.017576230689883232,0.030798692256212234,0.02741313725709915,0.020828334614634514,0.012627285905182362,54.23492050170898,37.74666213989258
57.27496814727783,0.025347022339701653,0.10822156071662903,0.0328383594751358,0.03306445851922035,0.026780450716614723,0.04901881143450737,53.52253723144531,36.56712341308594
42.257086418271065,0.04414398968219757,0.11131679266691208,0.049291592091321945,0.06897439062595367,0.04195394739508629,0.06550783663988113,53.0140495300293,36.39778137207031
-13.462201805114747,0.04482368379831314,0.15174470841884613,0.04589856043457985,0.07998967170715332,0.040625542402267456,0.10264775902032852,52.854591369628906,37.2977409362793
39.973881282806396,0.06480754911899567,0.17569500207901,0.05470052734017372,0.09694716334342957,0.048013072460889816,0.11986921727657318,53.891788482666016,39.36137771606445
-0.2707358109951019,0.06981394439935684,0.22193606197834015,0.0734085887670517,0.1296330690383911,0.08299469947814941,0.15217584371566772,55.49703979492188,41.80569839477539
-3.3389797516167166,0.06865198165178299,0.1898803412914276,0.07342609018087387,0.12868009507656097,0.08259133994579315,0.14609575271606445,59.04956817626953,44.25069427490234
4.008573030233383,0.07265826314687729,0.19488567113876343,0.08244462311267853,0.15849293768405914,0.0950835570693016,0.1594059318304062,61.43325805664063,45.7365837097168
-9.342457358837128,0.14559392631053925,0.5024071931838989,0.10633079707622528,0.21960127353668213,0.12165500968694687,0.29296332597732544,63.65275573730469,48.53868865966797
4.163973007202149,0.13950930535793304,0.5021567940711975,0.10552509129047394,0.22093406319618225,0.12769736349582672,0.27309778332710266,64.32609558105469,49.528804779052734
7.207521276473999,0.14127327501773834,0.5213099122047424,0.08712168037891388,0.19535773992538452,0.09846176952123642,0.2612646520137787,63.66386795043945,49.35133361816406
-4.590097398161888,0.12695308029651642,0.4885193705558777,0.08415131270885468,0.17276345193386078,0.09224521368741989,0.23463980853557587,64.73197937011719,49.76333618164063
0.594620735347271,0.13920435309410095,0.5133687853813171,0.07777317613363266,0.17784270644187927,0.08575250953435898,0.26320698857307434,61.84445571899414,48.91847610473633
0.3973743581771851,0.013376927934587002,0.04884786158800125,0.031776104122400284,0.027942806482315063,0.026271972805261612,0.024486344307661057,58.04248046875,47.74559783935547
-4.656170363239944,0.013035750947892666,0.04437115043401718,0.03214438632130623,0.027958260849118233,0.026871193200349808,0.020953407511115074,56.65464401245117,45.9831428527832
-0.5095504449307918,0.012372021563351154,0.045963916927576065,0.03260186314582825,0.02748309075832367,0.024458786472678185,0.023095548152923584,54.6403923034668,42.33390045166016
12.421555446460843,0.00817861407995224,0.02636897750198841,0.03162018582224846,0.027212398126721382,0.0241226926445961,0.011937353760004044,53.632659912109375,38.92095184326172
8.068908826112747,0.010757377371191978,0.03830830007791519,0.03235560283064842,0.028313638642430305,0.023372389376163483,0.012777105905115604,51.98635482788086,36.51850128173828
-16.507539452314376,0.04192536696791649,0.08637318760156631,0.05998203158378601,0.08217478543519974,0.03359581157565117,0.0558592788875103,50.095611572265625,35.80004119873047
0.029653913974761963,0.03405911102890968,0.21608291566371918,0.06104053556919098,0.09486407786607742,0.05175435170531273,0.09612976014614105,50.65109252929688,35.19730758666992
-77.65519020915032,0.06918693333864212,0.24597500264644623,0.09471890330314636,0.17293207347393036,0.08314279466867447,0.13926108181476593,51.53546905517578,36.08414459228516
61.493181686401364,0.08043044060468674,0.3158322870731354,0.1096610575914383,0.18740235269069672,0.10106001049280167,0.17014244198799133,51.53546905517578,36.08414459228516
111.67087069988251,0.19829808175563812,0.5621190667152405,0.16027741134166718,0.25838759541511536,0.13627442717552185,0.30697816610336304,51.53546905517578,36.08414459228516
-32.039591217041014,0.19768570363521576,0.594489574432373,0.15954624116420746,0.2804768681526184,0.14049550890922546,0.32522034645080566,50.96580505371094,36.15754318237305
-77.45301255315542,0.24165992438793182,0.7410807013511658,0.26156917214393616,0.3338148891925812,0.19552136957645416,0.4596411883831024,50.96580505371094,36.15754318237305
7.7663252627849575,0.23391704261302948,0.7801374197006226,0.25701239705085754,0.3139440715312958,0.18767192959785461,0.47629836201667786,49.69953155517578,34.13588333129883
6.372513650655747,0.23849157989025116,0.7806631326675415,0.25006115436553955,0.2959984540939331,0.17598994076251984,0.43499869108200073,47.36641693115234,32.194602966308594
-6.477807810902595,0.17552581429481506,0.5908707976341248,0.21433942019939423,0.23762375116348267,0.15470626950263977,0.3557474911212921,45.69405364990234,28.26318359375
-2.0008707365393636,0.15088288486003876,0.5923173427581787,0.22168831527233124,0.2116205245256424,0.1482977718114853,0.36169248819351196,43.69260787963867,25.50265884399414
3.018526443839073,0.02192235179245472,0.08225701749324799,0.04346431791782379,0.05140415206551552,0.03448125347495079,0.03355491906404495,43.441593170166016,24.667482376098636
-1.254783730506897,0.013453545980155468,0.028612280264496803,0.03233521059155464,0.02972717024385929,0.020664159208536148,0.015192439779639244,44.949684143066406,21.07669258117676
3.0242441776394844,0.01123365294188261,0.031564485281705856,0.03045903891324997,0.032055776566267014,0.020552679896354675,0.013524807058274746,44.317626953125,19.01327133178711
2.5542626208812,0.007481939624994993,0.01816762611269951,0.03250347450375557,0.030353551730513573,0.021154453977942467,0.010159241035580635,42.83222198486328,18.574142456054688
3.033600351475179,0.007889103144407272,0.01794329658150673,0.03128458559513092,0.030808722600340843,0.02124801091849804,0.009844996966421604,41.53158950805664,16.714921951293945
0.6447742381691932,0.006496675778180361,0.017348958179354668,0.031000973656773567,0.03282192349433899,0.020904891192913055,0.00983309093862772,44.65901184082031,16.70391082763672
-2.0261843432858586,0.007793665863573551,0.017787380144000053,0.030940426513552666,0.0312972255051136,0.023668944835662842,0.009041785262525082,46.08549118041992,16.726638793945312
-3.2434127593040465,0.0066068596206605434,0.014304905198514462,0.03107329085469246,0.029419345781207085,0.023393336683511734,0.008716919459402561,48.393653869628906,17.226680755615234
1.880994898378849,0.0071895732544362545,0.01314915344119072,0.03152652829885483,0.030507193878293037,0.02313343435525894,0.008707198314368725,50.006591796875,17.46635627746582
-0.6957567465677857,0.00713768508285284,0.011633609421551228,0.03088228404521942,0.02608705312013626,0.02470851130783558,0.009090526029467583,51.748870849609375,17.54195213317871
0.17975833505392075,0.008139032870531082,0.009818540886044502,0.029624680057168007,0.023588258773088455,0.02496885508298874,0.009049476124346256,52.574951171875,17.641714096069336
-5.7295362401008605,0.007549218833446503,0.011760598048567772,0.02987230010330677,0.02354339510202408,0.02359127253293991,0.008882995694875717,52.37965774536133,16.452062606811523
-0.8099743740819395,0.007524079643189907,0.012070284225046635,0.03132375702261925,0.023232633247971535,0.02557760663330555,0.009161928668618202,52.430206298828125,15.549676895141602
1.1831132550537586,0.006497372407466173,0.010430442169308662,0.03163222223520279,0.02234162576496601,0.026574088260531425,0.008115305565297604,53.75315856933594,14.561058044433594
-0.9919616648554802,0.006658798083662987,0.010872998274862766,0.0322401188313961,0.024960193783044815,0.025135042145848274,0.0076363300904631615,54.76778411865234,13.68366241455078
-1.5825101199746132,0.0060895634815096855,0.01501636765897274,0.03174452856183052,0.025865918025374413,0.026578759774565697,0.00744054839015007,55.7505989074707,13.340983390808104
0.0058817600458860395,0.007451576180756092,0.0132276127114892,0.031100846827030182,0.028124282136559486,0.024270307272672653,0.007306439336389303,58.102237701416016,13.192214965820312
-2.9870883359014986,0.006345417350530624,0.01340991910547018,0.03259282186627388,0.026389148086309433,0.024970481172204018,0.006756735499948263,59.5340461730957,13.053540229797363
-2.2880483204335906,0.006345362402498722,0.01283193938434124,0.03098512999713421,0.027189604938030243,0.023004399612545967,0.008635505102574825,61.6213264465332,13.06023406982422
-4.5172901172190905,0.0068742576986551285,0.0143059017136693,0.030942324548959732,0.027409356087446213,0.02294362708926201,0.009193748235702515,61.973331451416016,13.076372146606444
-0.7082361339777709,0.006898208986967802,0.009138508699834347,0.03073939122259617,0.026117485016584396,0.022514622658491135,0.008257385343313217,61.0500602722168,11.188572883605955
-1.088361793756485,0.006789628881961107,0.010779366828501225,0.032709553837776184,0.024081304669380188,0.021573800593614578,0.008069503121078014,62.602989196777344,11.164257049560549
-5.947819423172623,0.02456134743988514,0.0409524105489254,0.03206540271639824,0.03088207356631756,0.021375169977545738,0.04612350091338158,62.86872863769531,11.1930513381958
-1.514081694483757,0.023601632565259933,0.03735704720020294,0.033780355006456375,0.029864784330129623,0.02311858907341957,0.04300113022327423,65.16560363769531,11.24013328552246
-3.3059500336740166,0.024514488875865936,0.04196491464972496,0.033343467861413956,0.03217662125825882,0.024690033867955208,0.04589848592877388,64.08082580566406,11.213238716125488
2.4677691835165025,0.024063078686594963,0.03956613689661026,0.03289787098765373,0.03340231627225876,0.026223182678222656,0.04345490038394928,65.34536743164062,11.210163116455078
5.676907863616943,0.05491488799452782,0.10570862889289856,0.043879568576812744,0.06911638379096985,0.04655199870467186,0.10655669867992401,66.27803039550781,11.367676734924316
0.7778037923574448,0.04357454553246498,0.11440730094909668,0.0477026104927063,0.06778556853532791,0.047607216984033585,0.10436423867940903,63.33154296875,13.112266540527344
1.78003881752491,0.04337077960371971,0.11082086712121964,0.04815266281366348,0.06818106025457382,0.05099188908934593,0.11062714457511902,60.1960563659668,14.915493965148926
1.6805132648348808,0.043718501925468445,0.11117915064096451,0.04822807386517525,0.06487109512090683,0.04773997515439987,0.10367224365472794,59.48459243774414,16.70718002319336
8.30310985058546,0.04598427936434746,0.11090514808893204,0.047942500561475754,0.06808082014322281,0.046286627650260925,0.10475675016641617,58.482696533203125,18.824560165405277
-0.3583252573013306,0.01797844097018242,0.07690313458442688,0.040363334119319916,0.03450317680835724,0.028503989800810814,0.05006026104092598,58.55683517456055,18.91803359985352
-0.5718676630407572,0.00684814527630806,0.013481063768267632,0.03309691697359085,0.025109978392720222,0.021411215886473656,0.009905447252094746,58.09968185424805,18.93388557434082
-3.755817427635193,0.007330873981118202,0.013892136514186859,0.0326479934155941,0.025477483868598938,0.022618034854531288,0.010838359594345093,58.68233489990234,19.000043869018555
-1.0232964777946472,0.006007153075188398,0.013680907897651196,0.032943010330200195,0.02446511574089527,0.02396988309919834,0.00993996113538742,57.89645767211914,19.011381149291992
1.0462308657169341,0.006032600067555904,0.00986769050359726,0.03189431130886078,0.025406893342733383,0.025090277194976807,0.00953703373670578,57.14194869995117,19.093971252441406
0.6485331410169601,0.006209894549101591,0.010188269428908825,0.031558096408843994,0.025330787524580956,0.024724936112761497,0.00997151155024767,57.152156829833984,20.132503509521484
-9.991467974185944,0.01722160167992115,0.08719183504581451,0.03080068714916706,0.02716250717639923,0.02551260031759739,0.025775527581572533,54.83743667602539,20.191444396972656
-6.292738556265831,0.01895551197230816,0.088068388402462,0.029890039935708046,0.026687318459153175,0.0211655106395483,0.029667867347598076,53.8696403503418,20.20884895324707
-0.08217088788747788,0.019997360184788704,0.09510891139507294,0.030777113512158394,0.02618514932692051,0.019776804372668266,0.033713679760694504,52.92652893066406,20.266742706298828
-2.3709163081645968,0.019805043935775757,0.0907185897231102,0.030232597142457962,0.026973312720656395,0.024752162396907806,0.02990291826426983,51.84539794921875,20.314552307128903
0.6843165673315525,0.02147022821009159,0.09079612046480179,0.03172077611088753,0.026313912123441696,0.025113604962825775,0.03165719658136368,51.57602691650391,20.39258575439453
-4.278230215907097,0.013897108845412731,0.029971681535243988,0.031110819429159164,0.028381656855344772,0.02564166486263275,0.025203054770827293,51.3130989074707,20.441865921020508
-2.764856995344162,0.010887879878282547,0.01519868429750204,0.030758602544665337,0.0299524012953043,0.025279803201556206,0.012761855497956276,51.00732421875,20.640501022338867
4.356118123196065,0.011543719097971916,0.015943031758069992,0.0309530571103096,0.0302418302744627,0.026563091203570366,0.011874819174408913,50.63216400146485,20.938671112060547
-4.6560086792707445,0.011673865839838982,0.016664594411849976,0.03097541257739067,0.031660765409469604,0.023325983434915543,0.011565255001187325,50.4455451965332,21.10298538208008
1.1257538604736328,0.010112510062754154,0.015545481815934181,0.0303858183324337,0.03277914598584175,0.02349872700870037,0.012142892926931381,52.18906784057617,21.166954040527344
1.0654591381922365,0.00912128109484911,0.013574652373790741,0.03059438057243824,0.029606450349092484,0.02302710711956024,0.011541006155312061,53.75583267211914,19.08983993530273
1.465187469124794,0.008233361877501011,0.012444678694009781,0.03182096779346466,0.029180089011788368,0.02460540644824505,0.010372210294008255,54.8241081237793,18.239803314208984
1.1440580099821092,0.008521497249603271,0.010932770557701588,0.02945004031062126,0.030384615063667297,0.024605123326182365,0.009545600041747093,55.9685173034668,19.420616149902344
0.255633610188961,0.0071277921088039875,0.00883158016949892,0.027977392077445984,0.028097989037632942,0.025119533762335777,0.008967663161456585,54.90745544433594,21.34486389160156
0.5426810729503632,0.00808066688477993,0.012380250729620457,0.026707474142313004,0.02501070685684681,0.023675449192523956,0.008081031031906605,54.14519882202149,25.312231063842773
0.2620895600318909,0.0069498284719884396,0.014350317418575287,0.027237320318818092,0.026588859036564827,0.02389593794941902,0.009685206227004528,53.52494812011719,27.724105834960938
0.18513772271573545,0.006754265166819096,0.014217539690434933,0.026593495160341263,0.024995269253849983,0.0224927868694067,0.010016102343797684,53.694149017333984,30.14504623413086
2.9039306553453206,0.006392909213900566,0.015106522478163242,0.02678084187209606,0.025446834042668343,0.022401675581932068,0.008848235011100769,54.10135269165039,31.271509170532227
-0.12760096460580825,0.007317432668060064,0.01947849430143833,0.02690550871193409,0.024833694100379944,0.02265496738255024,0.009203440509736538,54.21346664428711,31.28745651245117
0.8658326433598995,0.007651119027286768,0.01952066272497177,0.027861496433615685,0.025148028507828712,0.021865753456950188,0.009241806343197823,55.109649658203125,30.364526748657227
1.3514391408860684,0.00818742997944355,0.021091490983963013,0.028627973049879074,0.024295588955283165,0.021427428349852562,0.009715392254292965,57.984561920166016,30.40537643432617
1.4974509754776955,0.008176509290933609,0.0207844041287899,0.02903093583881855,0.022736534476280212,0.021133441478013992,0.009537119418382645,62.36264419555664,30.62105178833008
0.4462868845462799,0.007702591363340616,0.01875835470855236,0.03017638809978962,0.022599807009100914,0.0208753552287817,0.010175523348152637,66.32108306884766,30.65625
0.22128936231136323,0.007105286233127117,0.016728462651371956,0.03102753683924675,0.025288792327046394,0.02182726562023163,0.011189010925590992,70.8694839477539,30.706329345703125
0.4845567698776722,0.007400693371891975,0.010164798237383366,0.031236834824085236,0.02402541972696781,0.02364509180188179,0.011336960829794407,72.8734359741211,31.374170303344727
2.6322158347070217,0.00704411743208766,0.009125575423240662,0.029577316716313362,0.025969872251152992,0.023597711697220802,0.010889950208365917,74.98070526123047,32.345550537109375
-6.238929173648358,0.033450040966272354,0.08274353295564651,0.039432816207408905,0.060852572321891785,0.033655326813459396,0.05289337411522865,75.65614318847656,35.77521514892578
-28.136158649921416,0.03680801764130592,0.12781478464603424,0.04099123179912567,0.08430758863687515,0.0476636178791523,0.061571504920721054,76.77710723876953,39.04414367675781
-5.478778310418129,0.04794865474104881,0.1349838376045227,0.04360879957675934,0.08772658556699753,0.05347049608826637,0.08675958961248398,73.0219955444336,42.81723785400391
15.382621917426587,0.052504099905490875,0.15895558893680573,0.05194661021232605,0.0978674590587616,0.05847878009080887,0.11932819336652756,68.8990249633789,46.41663360595703
6.036934928447008,0.051424480974674225,0.15256541967391968,0.05329885333776474,0.09855062514543533,0.054474566131830215,0.12172616273164749,65.48455810546875,48.31356048583984
-74.66929954051972,0.04512351378798485,0.17005038261413574,0.06017088517546654,0.10854283720254898,0.058077335357666016,0.1295098066329956,62.55123901367188,49.09455871582031
-1.2569247390329839,0.06221717968583107,0.20342734456062317,0.05780812352895737,0.10756437480449677,0.04524536430835724,0.146835058927536,62.16128540039063,48.66071701049805
5.846517431735992,0.06221940368413925,0.2180253267288208,0.053324777632951736,0.10089275240898132,0.04127196595072746,0.14276324212551117,63.1590576171875,47.34446716308594
30.68359718322754,0.06126563996076584,0.2696743607521057,0.047885712236166,0.08755815774202347,0.035251230001449585,0.1149536743760109,64.12001037597656,45.90964889526367
-5.620851006507873,0.05518123134970665,0.2731144428253174,0.048589933663606644,0.08873807638883591,0.038369070738554,0.12353835254907608,62.6165885925293,43.85919570922852
52.256917800903324,0.05970128998160362,0.2811497151851654,0.03767973557114601,0.06278911978006363,0.030233459547162056,0.1096353605389595,63.22390365600586,42.742958068847656
33.13217775344849,0.041024964302778244,0.24891439080238342,0.032259292900562286,0.050409916788339615,0.026635482907295227,0.11077183485031128,63.29778671264648,42.784175872802734
0.8342087182402611,0.028481680899858475,0.22141216695308685,0.03196905925869942,0.04418018087744713,0.027137793600559235,0.09678517282009125,62.866973876953125,43.94184112548828
0.6826063579320908,0.022629309445619583,0.1469401866197586,0.03217672184109688,0.03905656561255455,0.026049405336380005,0.07694656401872635,62.7624626159668,44.139122009277344
4.392201146185398,0.02093038149178028,0.13652074337005615,0.03435911610722542,0.037879038602113724,0.025879113003611565,0.06219154968857765,61.175331115722656,44.72045135498047
31.036098331212997,0.02105184644460678,0.15110306441783905,0.03362896293401718,0.03252042457461357,0.02539927512407303,0.05041421577334404,60.5400276184082,45.35557556152344
7.293680063486099,0.01506115309894085,0.11389109492301941,0.03161506727337837,0.02904767543077469,0.024901902303099632,0.04294762387871742,56.11199569702149,45.37151336669922
-2.202642570734024,0.014684202149510384,0.11861925572156906,0.03230753913521767,0.026418522000312805,0.023659205064177513,0.04372284933924675,54.18055725097656,45.38862609863281
1.084266131669283,0.015118448063731194,0.11476454138755798,0.03119439259171486,0.02720296010375023,0.022553401067852974,0.04313049465417862,52.73899841308594,44.78593063354492
3.8050877456367016,0.014483630657196045,0.0905965194106102,0.03241444379091263,0.030856218189001083,0.02226308174431324,0.02082850970327854,50.838077545166016,43.87372589111328
-0.7891136439144611,0.0100918710231781,0.025246217846870422,0.029547611251473427,0.02789614163339138,0.018621115013957024,0.012993601150810719,48.04074478149414,40.266239166259766
4.070704403817654,0.011063642799854279,0.020897768437862396,0.030414117500185966,0.029844453558325768,0.019737636670470238,0.012045479379594326,48.65273284912109,36.747188568115234
-0.7133264714479446,0.010256024077534676,0.02390410751104355,0.029507020488381386,0.030111180618405342,0.020378049463033676,0.012441761791706085,50.499141693115234,32.94581985473633
-0.4362200958840549,0.01018577255308628,0.023650486022233963,0.028448501601815224,0.029704470187425613,0.02214515395462513,0.013878932222723961,52.12856674194336,29.404943466186523
15.854023630619048,0.012594885192811489,0.05307633429765701,0.030708488076925278,0.02943265810608864,0.0239415243268013,0.04323509335517883,52.58290100097656,30.85835838317871
1.1730376740545034,0.011768752709031105,0.051592547446489334,0.030027855187654495,0.03035784140229225,0.024120382964611053,0.04030688479542732,53.12021255493164,30.04018211364746
-0.7643612812459469,0.010058049112558365,0.0538676381111145,0.028961990028619766,0.02888426184654236,0.02300850860774517,0.04305070638656616,52.83392333984375,27.89058303833008
-1.3925845128297807,0.012314969673752785,0.04905383288860321,0.02653604932129383,0.02531907707452774,0.023028545081615448,0.04063600301742554,52.49764633178711,25.181072235107425
-14.422660027146339,0.015330415219068527,0.05938856303691864,0.027118800207972527,0.027434781193733215,0.022724678739905357,0.0417950376868248,53.134952545166016,22.603559494018555
-21.78816785247065,0.01708448864519596,0.0475829541683197,0.025174826383590698,0.023876676335930824,0.020420655608177185,0.015752024948596954,51.15253448486328,22.387142181396484
-3.304603655189276,0.019280223175883293,0.05049622803926468,0.025454731658101082,0.02748057246208191,0.02080029621720314,0.024045711383223534,49.22911071777344,21.229145050048828
-4.866401059031486,0.020659439265727997,0.06091821566224098,0.025822963565587997,0.028904328122735023,0.020480124279856682,0.026323581114411354,47.48921203613281,20.397069931030277
-8.006910334900022,0.02037826180458069,0.06330223381519318,0.02606016770005226,0.02990725450217724,0.02085522934794426,0.027093054726719856,46.01887893676758,19.642135620117188
15.394039678573609,0.01831713691353798,0.05729853734374046,0.02531321719288826,0.028773173689842224,0.020261261612176895,0.029893841594457626,43.53484344482422,19.786212921142575
10.383172395229339,0.013265177607536316,0.048914115875959396,0.02549443580210209,0.029778888449072838,0.020186664536595345,0.029147058725357056,41.0620231628418,19.826980590820312
20.726760945916176,0.016931910067796707,0.056009691208601,0.026068083941936493,0.02711332030594349,0.021211668848991394,0.0257461816072464,42.222843170166016,19.831592559814453
-4.699621206969023,0.014593590050935745,0.05373333767056465,0.023221192881464958,0.024778665974736214,0.01814269833266735,0.024778183549642563,44.18921661376953,20.59115600585937
-4.190680361986161,0.014492757618427277,0.05992424115538597,0.025144102051854134,0.0244290828704834,0.016567887738347054,0.031637635082006454,47.53632354736328,21.43064308166504
-1.9276305744051934,0.01343203242868185,0.060888368636369705,0.02624981477856636,0.027163555845618248,0.015973294153809547,0.032741766422986984,50.16147994995117,22.125629425048828
-7.108920274972916,0.015481500886380672,0.06316953897476196,0.025454558432102203,0.02696092054247856,0.017808442935347557,0.031963348388671875,52.174293518066406,22.937410354614254
1.3329945005476476,0.014277275651693344,0.04985007271170616,0.0248832106590271,0.02860579825937748,0.016015103086829185,0.029798846691846848,53.12345504760742,24.101869583129883
1.1909614357352256,0.014004714787006378,0.03972192108631134,0.024282431229948997,0.026800008490681648,0.017884965986013412,0.024932708591222763,53.25238800048828,24.11619758605957
-1.6561821608245373,0.011293137446045876,0.023972412571310997,0.02190370485186577,0.025380650535225868,0.018432706594467163,0.014136270619928837,52.87845230102539,23.97905731201172
-2.247429132461548,0.011331637389957905,0.02020510844886303,0.021763598546385765,0.021595919504761696,0.01803511194884777,0.01078574825078249,53.008670806884766,23.66982650756836
-1.7763583755493164,0.009998313151299953,0.03249572589993477,0.022704342380166054,0.020740730687975883,0.018216142430901527,0.02407112531363964,51.81756591796875,20.22283363342285
-56.25921186864376,0.028628744184970856,0.12024717032909393,0.02494104765355587,0.03711152449250221,0.02015201933681965,0.06126595661044121,53.072113037109375,21.84880828857422
1.8140967091917992,0.03382075950503349,0.13968445360660553,0.029844902455806732,0.06637860834598541,0.029013121500611305,0.06602001935243607,53.28572082519531,25.01411437988281
30.76096425294876,0.0596175342798233,0.1546313762664795,0.044653281569480896,0.08780195564031601,0.042032334953546524,0.0943417102098465,52.52040863037109,27.788848876953125
25.63798805564642,0.07830483466386795,0.21615099906921387,0.05399322137236595,0.0972527265548706,0.045495953410863876,0.09480496495962143,53.66031646728516,28.8863525390625
64.78868763446808,0.0846342220902443,0.2462311089038849,0.05805767700076103,0.10703802108764648,0.05348731204867363,0.10849715024232864,54.719539642333984,31.70224952697754
-2.981376064196229,0.08229673653841019,0.21152836084365845,0.059257872402668,0.10648975521326065,0.05134085938334465,0.10312548279762268,56.83062362670898,33.852989196777344
-44.19849700927735,0.09043719619512558,0.22730499505996704,0.06508607417345047,0.10861071199178696,0.06491422653198242,0.11868508160114288,60.05982208251953,35.842166900634766
-37.629477376937864,0.07044944167137146,0.2347416877746582,0.06406663358211517,0.10435894131660461,0.06069878488779068,0.14348915219306946,63.96639251708984,37.97400665283203
-10.93230073928833,0.09312506020069122,0.21121598780155182,0.07017815113067627,0.11415255814790726,0.07090459764003754,0.14874039590358734,67.02398681640625,41.16692352294922
-9.449486479759216,0.08775598555803299,0.1837339997291565,0.07046104222536087,0.114327572286129,0.07554367929697037,0.14845681190490723,69.40715789794922,43.44897079467773
3.439052853435278,0.09439139813184738,0.18216140568256378,0.07245007902383804,0.11268554627895355,0.07768949866294861,0.1496690809726715,70.4091567993164,46.69017028808594
12.184271148443223,0.07954235374927521,0.15807047486305237,0.060031719505786896,0.08719984441995621,0.062441419810056686,0.13155357539653778,68.9179916381836,49.90023040771485
-2.0800206905603407,0.07025901973247528,0.11725703626871109,0.060784533619880676,0.07987972348928452,0.061089590191841125,0.12075160443782806,66.8375473022461,52.834747314453125
0.6701116609573364,0.049334537237882614,0.08439532667398453,0.03891882300376892,0.05402164161205292,0.039142850786447525,0.08397144079208374,66.28480529785156,56.14605712890625
-0.35487129978835585,0.01066057663410902,0.022293390706181526,0.023010682314634323,0.018635854125022888,0.017827622592449188,0.00969436764717102,66.40113830566406,58.24411010742188
-1.4382610803842544,0.008198119699954987,0.018506741151213646,0.019861208274960518,0.020085681229829788,0.01714698225259781,0.008654222823679447,63.6743049621582,57.58563995361328
-0.5268625798821449,0.007335657719522715,0.013086291961371899,0.02103080227971077,0.018765928223729134,0.01769142970442772,0.007997550070285797,62.23693084716797,59.541969299316406
0.7179900413751602,0.007640290539711714,0.012451387010514736,0.020774351432919502,0.018620332702994347,0.016283812001347542,0.008375799283385277,60.64072799682617,61.16911697387695
9.460223931670189,0.00812460295855999,0.018783684819936752,0.021346380934119225,0.020131178200244904,0.017377153038978577,0.010726203210651875,60.99370956420898,61.15557861328125
-0.8434865510463715,0.008064012043178082,0.02098047360777855,0.020433004945516586,0.022374289110302925,0.016297053545713425,0.008376800455152988,57.18895721435547,61.20188522338867
0.21027784824371337,0.00925311166793108,0.021147310733795166,0.020185207948088646,0.020926713943481445,0.016579123213887215,0.008489387109875679,54.85322570800781,58.85327911376953
-2.2572408572584393,0.008807245641946793,0.01979977637529373,0.019296465441584587,0.021983681246638298,0.01575073041021824,0.007456852123141289,54.52189254760742,55.69478225708008
-1.4910452806204557,0.007943406701087952,0.018994295969605446,0.019512034952640533,0.02184116467833519,0.016483183950185776,0.007141050882637501,53.43024826049805,52.88393020629883
-2.692123067378998,0.0073233554139733315,0.009812692180275917,0.020406445488333702,0.022340910509228706,0.015860972926020622,0.00834431778639555,51.74958038330078,51.88657760620117
-25.73271436691284,0.011760039255023003,0.12771284580230713,0.022103197872638702,0.026617733761668205,0.017164723947644234,0.05391699820756912,49.97581481933594,49.916465759277344
0.583391304910183,0.010748007334768772,0.11958590149879456,0.02274215593934059,0.0251258946955204,0.017917010933160782,0.056903257966041565,47.63951110839844,50.02654266357422
-0.68885756701231,0.011708159931004047,0.12729354202747345,0.023441080003976822,0.026607690379023552,0.017759302631020546,0.05691647529602051,44.9200325012207,49.59503555297852
0.15797360897064208,0.011650110594928265,0.12180034071207047,0.022437380626797676,0.024304628372192383,0.017189960926771164,0.051758602261543274,41.27408599853516,48.90646743774414
0.3613834497332573,0.012399640865623951,0.12262529879808426,0.023088987916707993,0.023974033072590828,0.018262147903442383,0.05702068284153938,36.82264709472656,47.1200065612793
0.6996166551113129,0.009406907483935356,0.012230521999299526,0.023222418501973152,0.018629057332873344,0.017157552763819695,0.008107336238026619,31.565279006958008,44.78524017333984
-0.8932308048009873,0.007619891781359911,0.011779281310737133,0.023480476811528206,0.020390672609210014,0.01710456609725952,0.006902092602103949,25.81669044494629,40.71586608886719
1.232553403377533,0.007491805590689182,0.012181471101939678,0.025142133235931396,0.021365413442254066,0.015781113877892494,0.007583523169159889,20.082237243652344,36.71359634399414
1.3777733314037324,0.009521250613033772,0.01291034184396267,0.02473251335322857,0.022333350032567978,0.015288063324987888,0.008128599263727665,14.857632637023926,33.4211540222168
-0.7721321186423302,0.008189435116946697,0.013211146928369999,0.02448931522667408,0.02244657650589943,0.014927036128938198,0.008842571638524532,10.144075393676758,31.053890228271484
-0.5754722544550895,0.00796404480934143,0.008083678781986237,0.0235737394541502,0.021465394645929337,0.016332365572452545,0.009226959198713303,8.378872871398926,28.0893497467041
-0.5432388997077942,0.007958157919347286,0.00830212514847517,0.02148812636733055,0.020932087674736977,0.015467255376279354,0.008069954812526703,5.904977321624756,27.59188270568848
1.9387048069387673,0.008126074448227882,0.008558484725654125,0.020945949479937553,0.02134031243622303,0.016829613596200943,0.008365610614418983,5.769848346710205,25.6455020904541
-0.7775776201486587,0.008335057646036148,0.008193316869437695,0.021690700203180313,0.020485159009695053,0.017122402787208557,0.008718705736100674,5.1353373527526855,23.997438430786133
-1.8463874873518944,0.0076936776749789715,0.008308060467243195,0.020669367164373398,0.020105399191379547,0.017282122746109962,0.00891392957419157,5.1862006187438965,24.00860595703125
1.6447091140411794,0.007783323992043734,0.009179869666695595,0.021052800118923187,0.021347088739275932,0.01793554425239563,0.008455836214125156,5.386643886566162,23.95702362060547
-0.43233297277241944,0.00851762481033802,0.01193484291434288,0.02040110155940056,0.020449621602892876,0.01787097565829754,0.008620131760835648,6.202159881591797,23.562185287475582
-1.7100894474238157,0.006588766351342201,0.01193076279014349,0.021497076377272606,0.019464798271656036,0.020269768312573433,0.008706585504114628,6.29335355758667,23.123157501220703
0.46845138911157846,0.007381438743323088,0.011593032628297806,0.020877251401543617,0.02033095248043537,0.018643902614712715,0.007907983846962452,5.823319435119629,23.23063087463379
2.617372490693815,0.0072231958620250225,0.013534643687307835,0.021153220906853676,0.019172845408320427,0.017891626805067062,0.00843696016818285,5.786360263824463,23.19344139099121
-3.790917982459068,0.0077813779935240746,0.01383247971534729,0.02095242589712143,0.019474385306239128,0.016448739916086197,0.009998318739235401,5.260885715484619,22.232675552368164
-0.5253226047754288,0.007586945779621601,0.013285161927342415,0.021179361268877983,0.019567206501960754,0.014619208872318268,0.011183085851371288,4.859588623046875,19.79476928710937
0.7265070243179799,0.00823211669921875,0.012946533970534801,0.020703541114926338,0.01841442845761776,0.013758453540503979,0.01157419290393591,5.881792545318604,17.951404571533203
-1.1644870458543302,0.007335001137107611,0.01346171461045742,0.021459614858031273,0.01841670647263527,0.015539648942649364,0.012861108407378197,7.558436393737793,16.358234405517578
-0.32993153259158137,0.006903090048581362,0.013195453211665154,0.02006223239004612,0.01837870106101036,0.016284260898828506,0.011047909036278725,10.4686279296875,14.653521537780762
-2.980701898932457,0.006964853499084711,0.014518744312226772,0.020078688859939575,0.017176486551761627,0.018352104350924492,0.011292579583823681,12.042189598083496,14.089509963989258
-0.6410851034522057,0.00948160421103239,0.015955334529280663,0.02081114612519741,0.019864676520228386,0.020302819088101387,0.00948678981512785,13.909757614135742,14.3325777053833
2.9620806811749936,0.008067110553383827,0.01787753216922283,0.02106711082160473,0.020827125757932663,0.018295656889677048,0.011976274661719799,14.80467128753662,14.586671829223633
-41.73166455507278,0.019492091611027718,0.046147335320711136,0.023967672139406204,0.027139771729707718,0.026902414858341217,0.024346143007278442,16.167343139648438,14.218828201293944
-48.19201324298978,0.02191087417304516,0.08703088760375977,0.03564339503645897,0.05621549114584923,0.03174476698040962,0.040721356868743896,22.45527458190918,15.534818649291992
1.299110759794712,0.030239315703511238,0.10031595826148987,0.03725118562579155,0.06107991561293602,0.030951201915740967,0.04983946308493614,23.549110412597656,16.55658531188965
-55.26262939453125,0.03570570424199104,0.17547260224819183,0.04510895907878876,0.10072416812181473,0.047384168952703476,0.09669546037912369,24.40102195739746,20.46894836425781
-3.728009567856789,0.039685025811195374,0.16851074993610382,0.046285565942525864,0.09743265807628632,0.04865723103284836,0.09451663494110107,25.00405502319336,22.83751678466797
-14.705831110477448,0.04229964315891266,0.17209544777870178,0.04724159464240074,0.09914648532867432,0.05119705572724342,0.10245685279369354,25.589223861694336,25.5225772857666
2.8801000313460827,0.036856479942798615,0.15513774752616882,0.03762791305780411,0.09112825989723206,0.04586305096745491,0.08872999250888824,25.218935012817383,27.37847900390625
-1.3471487674117089,0.028915539383888245,0.1386912763118744,0.035920463502407074,0.08135025203227997,0.04216293618083,0.09282267093658447,29.82887458801269,29.879180908203125
-0.782928721383214,0.020832348614931107,0.04101439565420151,0.024551043286919594,0.036276675760746,0.024010546505451202,0.038174424320459366,36.87848663330078,30.671123504638672
1.1071302306652069,0.020891958847641945,0.03970711678266525,0.025201989337801933,0.03491080924868584,0.02238626778125763,0.03714362159371376,40.89523315429688,30.788272857666016
1.0477862465381622,0.010831384919583797,0.0300148818641901,0.025380907580256462,0.020844660699367523,0.017609555274248123,0.018323950469493866,44.69684982299805,31.38607215881348
-2.593226624429226,0.008740156888961792,0.016038719564676285,0.02360323816537857,0.017223956063389778,0.02004513144493103,0.012151503935456276,44.54640197753906,31.30801010131836
3.026473101377487,0.008939681574702263,0.01550153736025095,0.023202164098620415,0.01715470664203167,0.02258768491446972,0.012987559661269188,44.2668342590332,31.37655639648437
1.3492017152905464,0.006766889709979296,0.011871114373207092,0.022473163902759552,0.0176522359251976,0.021989108994603157,0.00830066204071045,42.79220581054688,31.39537048339844
-0.07370281368494033,0.007604035548865795,0.013543219305574894,0.0221436507999897,0.018295399844646454,0.022755896672606468,0.008865519426763058,40.73676681518555,31.384418487548828
1.594368747472763,0.007966902107000351,0.014728857204318047,0.02155144512653351,0.018422948196530342,0.0202537439763546,0.008234760724008083,37.04220581054688,31.07783508300781
0.7456568044424057,0.0066889505833387375,0.011876529082655907,0.02187923714518547,0.017588471993803978,0.019912555813789368,0.0072591593489050865,34.45297622680664,30.920583724975582
1.388038415312767,0.0067963325418531895,0.012352672405540943,0.02236705832183361,0.018273424357175827,0.018443360924720764,0.007114752661436796,31.395092010498047,30.79993057250977
0.4468193709850311,0.00727458018809557,0.012436230666935444,0.022237591445446014,0.019731763750314713,0.017947059124708176,0.0071961283683776855,29.83791923522949,30.4915828704834
-1.0989196655154227,0.006048570387065411,0.011875034309923649,0.022284021601080894,0.01898340694606304,0.01791197992861271,0.006790699902921915,28.107118606567383,30.14556312561035
-1.0375470599532128,0.005295540206134319,0.009598695673048496,0.022450730204582214,0.019959036260843277,0.018143299967050552,0.006615595426410437,20.31098747253418,29.959197998046875
-1.75629951544106,0.006241303868591785,0.009813045151531696,0.023377684876322746,0.01814883016049862,0.0177899282425642,0.006189411971718073,19.1352481842041,26.92038345336914
5.41986287355423,0.0076684895902872086,0.03642665222287178,0.02166041173040867,0.017948979511857033,0.019689077511429787,0.011682204902172089,18.44398307800293,25.91009521484375
-1.8526023653149606,0.007969914935529232,0.043053872883319855,0.021438587456941605,0.01757054589688778,0.017861785367131233,0.01690300554037094,17.98590660095215,22.01534652709961
1.7047373927244918,0.008339968509972095,0.04657707363367081,0.02096434123814106,0.018201174214482307,0.017753317952156067,0.01979457587003708,17.81355094909668,19.720815658569336
-0.9014085218310356,0.009229246526956558,0.04813694581389427,0.020954305306077003,0.01984572410583496,0.016947580501437187,0.018379762768745422,17.843475341796875,17.275930404663086
-2.079587500933558,0.008459876291453838,0.045280203223228455,0.02051589824259281,0.02092387154698372,0.016408510506153107,0.017804104834794998,14.562763214111328,16.055912017822266
0.9054604184627533,0.008307354524731636,0.0339190848171711,0.021289117634296417,0.02268914319574833,0.018618477508425713,0.01940842531621456,12.6477689743042,13.573387145996094
-1.4624767804145813,0.007850522175431252,0.009867183864116669,0.021216383203864098,0.02176964282989502,0.019856952130794525,0.007024704944342375,9.648736953735352,15.287107467651367
-0.03879416659474373,0.00805363617837429,0.010934190824627876,0.020665990188717842,0.021399928256869316,0.01915200985968113,0.007972859777510166,6.140695095062256,15.19251537322998
-2.097845115661621,0.007550956215709448,0.018329689279198647,0.020623521879315376,0.02053394913673401,0.01995803229510784,0.007811015471816063,6.198620319366455,14.43159294128418
3.3712446272373198,0.007971689105033875,0.01942078024148941,0.021685626357793808,0.01959860883653164,0.019090700894594193,0.00809649471193552,7.0570807456970215,14.372587203979492
3.2624463415145875,0.0070531354285776615,0.02144194394350052,0.022755229845643044,0.021147366613149643,0.01803765259683132,0.008520755916833878,10.103622436523438,14.3157377243042
-3.31571230918169,0.006965570617467165,0.02360517345368862,0.025081779807806015,0.022887660190463066,0.016901299357414246,0.010260193608701229,12.510555267333984,14.353879928588867
5.450691763758659,0.008937513455748558,0.06408942490816116,0.031233320012688637,0.03103739395737648,0.022907236590981483,0.023909101262688637,12.837790489196776,14.36027717590332
-37.17184736013412,0.035703420639038086,0.11948905885219574,0.046310167759656906,0.05878055468201637,0.037391722202301025,0.08055729418992996,16.75074577331543,15.795326232910156
2.5084540202096104,0.05281488969922066,0.13552312552928925,0.05088932439684868,0.08241847902536392,0.049527402967214584,0.08898521214723587,19.306316375732425,19.3825740814209
26.217120656967165,0.06464782357215881,0.15528886020183563,0.05701626092195511,0.09505356103181839,0.05412009358406067,0.12890779972076416,28.773778915405277,23.50818252563477
0.3759075067192316,0.061607878655195236,0.14815227687358856,0.05585232749581337,0.10081591457128525,0.05564473196864128,0.14749117195606232,36.21113204956055,27.643444061279297
-1.0290620902180672,0.06354232877492905,0.15892839431762695,0.05178774893283844,0.09435631334781647,0.05115259438753128,0.13319694995880127,42.42854309082031,31.7641658782959
-2.159312552753836,0.05067962408065796,0.09640979766845703,0.04168347269296646,0.0756903663277626,0.043032292276620865,0.11451033502817154,46.99019241333008,35.681129455566406
-0.10393230646848678,0.030344603583216667,0.10106515884399414,0.035122476518154144,0.052030760794878006,0.032085686922073364,0.10541000217199326,49.96070861816406,39.46712493896485
-0.13693396508693695,0.014327209442853928,0.05175967514514923,0.02257935330271721,0.02159431204199791,0.016832523047924042,0.03585302084684372,52.30366134643555,39.586055755615234
-0.397650790810585,0.007503229193389416,0.014239124953746796,0.022951407358050346,0.018349146470427513,0.016880854964256287,0.008856397122144699,52.57405471801758,39.59297180175781
0.22087316691875458,0.007442312780767679,0.01264991331845522,0.023943761363625526,0.018181458115577698,0.018119215965270996,0.008904471062123775,53.20702362060547,39.47467422485352
-4.143684661388397,0.0074568502604961395,0.012362257577478886,0.023135120049118996,0.017730357125401497,0.01810801960527897,0.006990981288254261,53.10575485229492,39.26473236083984
-1.3389484572410584,0.00673440657556057,0.012797324918210506,0.02359551191329956,0.019604122266173363,0.01903591863811016,0.005652747582644224,52.09257125854492,38.875484466552734
-1.2651974976062774,0.007854125462472439,0.013420305214822292,0.0234434362500906,0.01977257803082466,0.02060556225478649,0.007900914177298546,52.10029983520508,39.44962310791016
-3.4999859124422072,0.008706985972821712,0.018264859914779663,0.025250310078263283,0.022712502628564835,0.020571915432810783,0.008016285486519337,53.64487075805664,38.031288146972656
9.967668101787567,0.01122246403247118,0.0399545282125473,0.026348017156124115,0.0247044637799263,0.022157780826091766,0.018637612462043762,55.513458251953125,38.00648498535156
5.049678851366043,0.012203535996377468,0.04566536471247673,0.02756604366004467,0.024742556735873222,0.02418840304017067,0.02194269187748432,59.77778244018555,38.15540313720703
15.011946371793748,0.011838678270578384,0.049583550542593,0.026472780853509903,0.024703439325094223,0.022799471393227577,0.02346086874604225,61.86468124389648,38.25034332275391
2.176173449754715,0.011770911514759064,0.05470835790038109,0.02731139585375786,0.0248964074999094,0.024608511477708817,0.024279585108160973,60.84757232666016,38.31437301635742
-0.7325795966386796,0.010985907167196274,0.05466173589229584,0.024329034611582756,0.022939078509807587,0.022654790431261063,0.022667456418275833,63.14360046386719,38.32344818115234
2.47119706004858,0.009239357896149158,0.038315173238515854,0.022773616015911102,0.020722512155771255,0.02011994458734989,0.01951458677649498,60.47841262817383,38.37294769287109
-12.51578911781311,0.0158921480178833,0.059735074639320374,0.023398807272315025,0.021148385480046272,0.021323049440979958,0.031221095472574234,58.7697868347168,36.99333953857422
1.1316558879613876,0.019208872690796852,0.06270144134759903,0.023256266489624977,0.027423936873674393,0.021141886711120605,0.03693937137722969,54.88154602050781,34.123252868652344
1.1742023387551308,0.01912379264831543,0.06133301183581352,0.022462232038378716,0.027139581739902496,0.020011035725474358,0.035044651478528976,53.85628509521485,31.09048843383789
2.7401823949068786,0.01975345052778721,0.06307327747344971,0.02383461594581604,0.029457323253154755,0.020319856703281403,0.035939086228609085,52.94565582275391,28.02861595153809
-4.543452849388123,0.019086137413978577,0.06753770262002945,0.02484126016497612,0.031431447714567184,0.018801813945174217,0.03417053446173668,50.97050857543945,24.33363914489746
-0.5362998187541962,0.01403633039444685,0.04996428266167641,0.025303080677986145,0.03229442611336708,0.019588327035307884,0.030024560168385506,48.53096771240234,20.62931060791016
-5.044930019229651,0.007698594592511654,0.04572324454784393,0.025847937911748886,0.023571323603391647,0.01710578054189682,0.013475160114467144,45.71076965332031,16.957101821899414
2.1030310145020485,0.007637131027877331,0.046765077859163284,0.028302054852247238,0.023495128378272057,0.019159700721502304,0.012799137271940708,45.49945831298828,17.026798248291016
5.940933766365052,0.007093907333910465,0.0493587888777256,0.028406566008925438,0.022210855036973953,0.02066648192703724,0.013801556080579758,44.7768669128418,17.28416633605957
-0.34354944437742235,0.00802533607929945,0.040067531168460846,0.02832011692225933,0.02355031855404377,0.019621483981609344,0.01349638495594263,45.09246444702149,17.331222534179688
-0.9098511233925819,0.008068200200796127,0.03965143859386444,0.025801897048950195,0.022488130256533623,0.019628433510661125,0.013026741333305836,45.57373809814453,17.382402420043945
-2.4180762873589994,0.007959762588143349,0.02398594096302986,0.025527223944664,0.022108830511569977,0.019162826240062714,0.009332695975899696,48.49623489379883,17.42599868774414
1.2559434509277343,0.007555410731583834,0.024252817034721375,0.022241847589612007,0.021115435287356377,0.017853623256087303,0.009321433492004871,46.975379943847656,17.3090763092041
-3.4028425216674805,0.00832089688628912,0.013901201076805592,0.023293590173125267,0.019697006791830063,0.01693529635667801,0.008340471424162388,42.78598785400391,16.767959594726562
10.742112108469009,0.022655978798866272,0.04790274426341057,0.03499292582273483,0.03461325168609619,0.03310418128967285,0.06437346339225769,37.85209655761719,17.269290924072266
57.04223192927427,0.048534948378801346,0.1286269575357437,0.055327337235212326,0.07201145589351654,0.04700884222984314,0.1299637109041214,33.46731948852539,18.34088706970215
1.997924648746848,0.04899454489350319,0.14337444305419922,0.05542649328708649,0.07279962301254272,0.04864726960659027,0.1301312893629074,38.82099151611328,18.910024642944336
-1.5354256185889243,0.054711587727069855,0.15076258778572083,0.05645211040973663,0.07391827553510666,0.05009330436587334,0.13082288205623627,41.81232070922852,19.553468704223636
6.269425412714481,0.050501443445682526,0.1368722915649414,0.055551908910274506,0.07395156472921371,0.04911978542804718,0.13191834092140198,45.55460739135742,20.200000762939453
0.569665958955884,0.05299792438745499,0.14156372845172882,0.057198915630578995,0.07469739019870758,0.049301791936159134,0.13140419125556946,49.000885009765625,20.778644561767575
1.3180964805185795,0.016573788598179817,0.08239240944385529,0.02530660480260849,0.025590378791093826,0.02271711640059948,0.033755503594875336,49.552040100097656,20.707927703857425
-1.5724623912572862,0.007763814181089401,0.022460531443357468,0.02574838697910309,0.022771721705794334,0.023938586935400963,0.013442598283290863,50.544212341308594,20.073322296142575
2.151792130470276,0.007850036025047302,0.021100806072354317,0.027254359796643257,0.02386678010225296,0.026084229350090027,0.013384359888732433,51.05306243896485,19.05072021484375
-4.104586007595063,0.007948148064315319,0.027048923075199127,0.027875199913978577,0.02294216677546501,0.024186590686440468,0.013309874571859837,52.50714111328125,18.08135986328125
-0.7818955293297768,0.008443334139883518,0.028479745611548424,0.028413919731974602,0.025067808106541634,0.023501697927713394,0.014390625059604645,53.376068115234375,17.75589370727539
-3.0811860658973456,0.008434743620455265,0.0288976039737463,0.029115689918398857,0.025054026395082474,0.022451812401413918,0.01464118156582117,53.7713737487793,17.539684295654297
-1.0728904204070568,0.007154567167162895,0.024451836943626404,0.027557099238038063,0.02442508190870285,0.022085580974817276,0.011333049274981022,54.28177261352539,17.45423698425293
1.1898210924863815,0.007083964999765158,0.02451583556830883,0.02540636621415615,0.02325250580906868,0.017660386860370636,0.00982652883976698,54.24106979370117,17.231895446777344
-0.07378761122003198,0.006435667164623737,0.018035458400845528,0.02385084331035614,0.022669902071356773,0.017802121117711067,0.008945961482822895,54.6933479309082,17.62273406982422
-3.0383079563453794,0.0060171582736074924,0.011237273924052715,0.023293253034353256,0.021920176222920418,0.01707395352423191,0.00839202105998993,54.709842681884766,19.44777488708496
-2.5913930052518843,0.005615085829049349,0.011584124527871609,0.021497579291462898,0.021576594561338425,0.017719442024827003,0.008737923577427864,53.79060745239258,21.127065658569336
-1.055015042424202,0.007315254304558039,0.010565909557044506,0.022241927683353424,0.020510222762823105,0.0176994688808918,0.008040659129619598,53.33078384399414,21.492401123046875
-0.9780597692728042,0.006306190975010395,0.012023775838315487,0.02214914560317993,0.02024936117231846,0.01805572770535946,0.009402736090123653,53.63286209106445,20.999399185180664
-1.2103509896993636,0.006126910448074341,0.012152393348515034,0.022975457832217216,0.019947832450270653,0.01764940470457077,0.00899557862430811,53.65024185180664,20.547168731689453
2.465009845495224,0.005643782205879688,0.012646385468542576,0.023183204233646393,0.021777469664812088,0.01668039709329605,0.008819124661386013,52.93753433227539,20.154964447021484
1.4926992997527122,0.006366021931171417,0.013004613108932972,0.023163560777902603,0.022704869508743286,0.016626084223389626,0.00999130867421627,50.556732177734375,19.074291229248047
40.73559537887573,0.012280509807169437,0.06640492379665375,0.022354068234562874,0.02597273513674736,0.017279265448451042,0.017254052683711052,47.55607604980469,18.820146560668945
7.339658556878566,0.014576750807464123,0.07633712887763977,0.022351965308189392,0.02684410847723484,0.017597520723938942,0.017413118854165077,43.55991363525391,18.48178482055664
-0.14586056709289552,0.014443531632423401,0.077851302921772,0.023334400728344917,0.027203485369682312,0.015697643160820007,0.01817980781197548,38.895774841308594,17.97748565673828
-1.3464588263630868,0.013809540309011936,0.07913248986005783,0.023659011349081993,0.026079632341861725,0.016206378117203712,0.01735888049006462,37.80632019042969,17.569705963134766
6.842593371272087,0.01563284732401371,0.07613428682088852,0.0239581111818552,0.02477911300957203,0.016701988875865936,0.01809711381793022,33.113121032714844,17.88344955444336
-7.764485360682011,0.01075517013669014,0.051001038402318954,0.02426954172551632,0.023682694882154465,0.016108738258481026,0.012384443543851376,27.202943801879883,17.943023681640625
1.0551207036525012,0.007999627850949764,0.024275939911603928,0.024170851334929466,0.020083647221326828,0.017252039164304733,0.010805835947394371,19.393388748168945,18.408771514892575
-0.3127140503749251,0.0069260913878679276,0.026056984439492226,0.024862593039870262,0.020326467230916023,0.0213899128139019,0.01122329942882061,16.5024471282959,18.3746395111084
-10.941471834182739,0.007954428903758526,0.03959082067012787,0.024389086291193962,0.022527411580085754,0.020935915410518646,0.022543396800756454,14.912935256958008,18.37747001647949
-19.350431985855103,0.00907935481518507,0.05803366377949715,0.02358052507042885,0.022655678912997246,0.021168896928429604,0.02179565094411373,12.825277328491213,18.43539810180664
-4.867208538949489,0.009479879401624203,0.05683619901537895,0.022782158106565475,0.021299488842487335,0.02031582221388817,0.02129688300192356,12.04624080657959,18.568395614624023
-5.132688564062119,0.009894055314362049,0.057553403079509735,0.02306688390672207,0.023136865347623825,0.019886676222085953,0.02322607859969139,10.274192810058594,18.644962310791016
-14.49001623660326,0.011572509072721004,0.07291565090417862,0.023221103474497795,0.023756707087159157,0.016907935962080956,0.023721909150481224,9.949546813964844,18.085357666015625
0.3497289001196623,0.01061633788049221,0.07836310565471649,0.023398788645863533,0.023630475625395775,0.018998822197318077,0.01569283753633499,8.623970031738281,16.329547882080078
-2.1901289789192377,0.011143648996949196,0.0626947283744812,0.023563770577311516,0.023374754935503006,0.01816589944064617,0.012775637209415436,7.815537929534912,14.663241386413574
1.9885788667201996,0.009756023064255714,0.05618042126297951,0.023978475481271744,0.022436605766415596,0.017842961475253105,0.012053664773702621,6.860223293304443,14.060468673706056
4.05418976187706,0.010570875369012356,0.06084105744957924,0.023338206112384796,0.021382680162787437,0.018384123221039772,0.011883453465998173,6.052840709686279,14.210763931274414
-1.1843517777323722,0.007510088849812746,0.03285756707191467,0.022860808297991753,0.02109452337026596,0.017826994881033897,0.011450099758803844,8.683125495910645,14.091978073120115
-1.1177127027511597,0.007559466641396284,0.013926784507930279,0.022084137424826622,0.02154652029275894,0.016581924632191658,0.009090566076338291,10.570704460144045,14.695849418640137
0.5838115096092225,0.007606098894029856,0.0143403559923172,0.021953869611024857,0.020102161914110184,0.017389602959156036,0.009556748904287815,12.722138404846191,14.923604011535645
-10.970511424541474,0.011953466571867466,0.03274616599082947,0.022238217294216156,0.020883092656731606,0.01830889657139778,0.012289443053305149,12.708885192871094,14.660061836242676
4.764748857617378,0.014167943969368935,0.037487395107746124,0.023364825174212456,0.020634924992918968,0.01937844045460224,0.014113125391304493,12.362488746643066,14.578021049499512
-4.838427716195583,0.013437704183161259,0.04734686762094498,0.02160913124680519,0.01912527158856392,0.018367115408182144,0.016873927786946297,12.213665008544922,14.467185974121094
-1.9717707544565202,0.014141371473670006,0.04861200973391533,0.021402206271886826,0.020005373284220695,0.016397040337324142,0.018619291484355927,12.78684425354004,14.695857048034668
-0.06120653748512268,0.014274504967033863,0.05311862751841545,0.020070962607860565,0.020250936970114708,0.016310356557369232,0.023944057524204254,13.136954307556152,15.48737621307373
-3.441057864576578,0.015009302645921707,0.055175039917230606,0.019890403375029564,0.02160240337252617,0.01473410613834858,0.021273013204336166,15.254544258117676,15.375717163085938
-0.02763457491993904,0.012625073082745075,0.045958470553159714,0.020762203261256218,0.024888113141059875,0.01469473633915186,0.022323504090309143,16.68572235107422,15.352697372436523
1.628364439937286,0.011309332214295864,0.03876873850822449,0.020504871383309364,0.0247772429138422,0.015280022285878658,0.017695292830467224,24.857650756835938,15.316377639770508
3.7070504719018937,0.010348047129809856,0.035110462456941605,0.020293312147259712,0.024648409336805344,0.017252739518880844,0.018095480278134346,33.54126739501953,15.36328411102295
-2.746962366104126,0.010386058129370213,0.030542802065610886,0.02131900191307068,0.02574252150952816,0.016885334625840187,0.014245136640965939,40.11708450317383,15.308423042297363
-0.291650670170784,0.007399273104965687,0.01637979783117771,0.020917749032378197,0.02413242682814598,0.01592383347451687,0.010818845592439175,40.250144958496094,15.15521240234375
2.227890976071358,0.00974920392036438,0.020326361060142517,0.021846827119588852,0.022417914122343063,0.015563832595944405,0.012808499857783318,41.7768669128418,15.187408447265623
6.283515741229057,0.008991495706140995,0.01928817108273506,0.021602239459753036,0.02277877740561962,0.015926122665405273,0.01394360326230526,44.47931671142578,15.375767707824709
-3.8524190175533293,0.011111179366707802,0.02221653051674366,0.020711621269583702,0.024624159559607506,0.014658275060355663,0.017968613654375076,46.95536422729492,15.34888744354248
-0.49736361982300875,0.011306355707347393,0.029352771118283272,0.021740321069955826,0.025209076702594757,0.015206021256744862,0.017311429604887962,48.94783782958984,15.30894660949707
-1.2182416849955917,0.011323859915137291,0.03150317072868347,0.021736271679401398,0.026143446564674377,0.015471565537154675,0.01801430620253086,50.69195938110352,15.363055229187012
-5.75352217644453,0.010932819917798042,0.029817188158631325,0.022319449111819267,0.026221241801977158,0.015661174431443214,0.017478065565228462,50.9703369140625,15.528035163879396
0.28570285826921465,0.01114465482532978,0.03452100604772568,0.022016633301973343,0.02739456109702587,0.015210628509521484,0.015484132803976536,51.00837326049805,16.314189910888672
-15.303581585213543,0.010116775520145893,0.03935986012220383,0.02249462716281414,0.023723943158984184,0.014975381083786488,0.011572929099202156,51.84135437011719,15.92973518371582
0.4097568079829216,0.009134755469858646,0.035709790885448456,0.021776193752884865,0.02091898024082184,0.01369011402130127,0.009789245203137398,53.41743469238281,16.36931800842285
-6.4802277982234955,0.009023766033351421,0.039759501814842224,0.019798988476395607,0.02101932279765606,0.014157152734696865,0.010327810421586037,54.576786041259766,17.18946647644043
2.045720842774026,0.008646007627248764,0.049736276268959045,0.018778923898935318,0.021707389503717422,0.015276527032256126,0.01100095734000206,54.5428352355957,18.12487030029297
5.521974332928657,0.009327488951385021,0.06617970019578934,0.019054360687732697,0.020453503355383873,0.015576491132378578,0.01366404164582491,54.37296295166016,19.31110000610352
-8.000178042054177,0.009868113324046135,0.058840155601501465,0.020412389189004898,0.02061694674193859,0.015009772032499313,0.016619985923171043,54.23974609375,19.78147315979004
-26.41389811515808,0.0110397357493639,0.06783562898635864,0.022090954706072807,0.021583300083875656,0.015399242751300335,0.01702355034649372,53.45967102050781,19.22057342529297
-2.6828700676513835,0.010338793508708477,0.06681891530752182,0.020711509510874748,0.02181158773601055,0.016269933432340622,0.018863394856452942,52.721153259277344,20.612070083618164
-2.0912130433321,0.009568578563630581,0.06307007372379303,0.022086339071393013,0.021057534962892532,0.014939644373953342,0.01731320656836033,50.50250625610352,21.1503849029541
-0.9391677607595921,0.010215600952506065,0.04876819625496864,0.02167687565088272,0.02104775421321392,0.016486847773194313,0.014014670625329018,47.35322189331055,21.647750854492188
-3.190840528961271,0.009408686310052872,0.038211338222026825,0.020431648939847946,0.019616857171058655,0.016187461093068123,0.01144181378185749,43.14394378662109,21.698013305664062
-0.6404015623126179,0.008647045120596886,0.023016897961497307,0.01925448700785637,0.019600553438067436,0.01548417191952467,0.010865770280361176,43.22689056396485,22.445810317993164
-0.4379675105214119,0.008211728185415268,0.014193418435752392,0.018628699705004692,0.018447889015078545,0.014700069092214108,0.009756872430443764,42.03153610229492,26.25091552734375
-8.571803713440895,0.008852426894009113,0.01613003946840763,0.01756555214524269,0.01782865636050701,0.014810683205723763,0.01110491156578064,41.59883499145508,28.8147029876709
7.23922792583704,0.007810748182237148,0.01715787686407566,0.015324690379202366,0.018309062346816063,0.012846214696764946,0.010265720076858997,41.59883499145508,28.8147029876709
-7.091555226445198,0.01046818308532238,0.050683215260505676,0.014573771506547928,0.019240347668528557,0.012802831828594208,0.020744474604725838,39.94909286499024,30.94527053833008
2.495618444532156,0.010471570305526257,0.04925062879920006,0.015983428806066513,0.02025388740003109,0.013715705834329128,0.02259221114218235,36.51544952392578,30.946060180664062
1.4622971914708613,0.010751357302069664,0.05208081752061844,0.014854159206151962,0.020619792863726616,0.014667038805782795,0.020422769710421562,36.51544952392578,30.946060180664062
4.913246899843216,0.011777589097619057,0.05215347930788994,0.015004332177340984,0.020219456404447556,0.01303581427782774,0.021096374839544296,30.356529235839844,30.738489151000977
-1.5902682268619537,0.011084768921136856,0.053467486053705215,0.015158898197114468,0.021178074181079865,0.014385850168764591,0.02365858107805252,30.356529235839844,30.738489151000977
23.25272561609745,0.008193631656467915,0.035831790417432785,0.016164422035217285,0.020732808858156204,0.012781170196831226,0.020393380895256996,17.233776092529297,31.412761688232425
10.141577301472426,0.00984077900648117,0.045414771884679794,0.015864044427871704,0.0204806849360466,0.012598929926753044,0.02026822790503502,13.677203178405762,31.765277862548828
-8.899462596774102,0.01007398683577776,0.05024725943803787,0.017117656767368317,0.02066086232662201,0.012049217708408833,0.02017804980278015,13.677203178405762,31.765277862548828
1.6375451976060866,0.010333223268389702,0.05865675210952759,0.018001239746809006,0.021457666531205177,0.0134812593460083,0.02068968117237091,13.515676498413086,30.068470001220703
-0.7986247318983078,0.011689351871609688,0.06035443767905235,0.020044943317770958,0.021654190495610237,0.013889111578464508,0.01453261449933052,13.315747261047363,29.07084083557129
-5.482533022761345,0.013439643196761608,0.07496730983257294,0.027215272188186646,0.024100517854094505,0.020470019429922104,0.016353603452444077,13.259807586669922,28.279760360717773
-2.542581318616867,0.012423164211213589,0.06697594374418259,0.029069848358631134,0.023871032521128654,0.022036025300621986,0.014057380147278309,14.236302375793455,27.90768051147461
-11.126489847302437,0.013859824277460575,0.06521507352590561,0.033257465809583664,0.026318423449993134,0.023225540295243263,0.01826462335884571,14.236302375793455,27.90768051147461
-2.8055884873867036,0.012398111633956432,0.06930284947156906,0.03361109644174576,0.024649163708090782,0.022712958976626396,0.014723135158419609,23.24765014648437,25.838903427124023
-2.0513953238725664,0.011619070544838905,0.06676696240901947,0.033429451286792755,0.02532782219350338,0.02364479936659336,0.014675550162792206,23.24765014648437,25.838903427124023
3.651415593624115,0.009600336663424969,0.04084312915802002,0.028297990560531616,0.021730687469244003,0.020589884370565414,0.01307082548737526,22.3851318359375,25.443832397460938
49.59374613285065,0.033720843493938446,0.09560547769069672,0.0374627485871315,0.05725383386015892,0.03165090084075928,0.05058326944708824,22.995162963867188,26.09276390075684
4.999920744001866,0.04565660282969475,0.10627322643995285,0.03926241770386696,0.06762958317995071,0.03777577355504036,0.05482487007975578,22.995162963867188,26.09276390075684
-46.168144977092744,0.06256642937660217,0.19216947257518768,0.04649565741419792,0.08358732610940933,0.04979602247476578,0.08950550854206085,28.739761352539062,25.572193145751957
-7.681872074157,0.06846915930509567,0.19056953489780426,0.052663836628198624,0.10366503894329071,0.050631362944841385,0.1102215051651001,28.739761352539062,25.572193145751957
-6.419262071549892,0.06995338201522827,0.18754272162914276,0.05109553784132004,0.10499010980129242,0.05139712244272232,0.109135203063488,32.75529479980469,27.8580322265625
3.4173296451568604,0.05480561777949333,0.16122213006019592,0.046521782875061035,0.08778601139783859,0.0440664067864418,0.09651153534650803,36.78942108154297,30.397018432617188
-0.09446471929550171,0.04569239914417267,0.16151125729084015,0.040856242179870605,0.07672306895256042,0.03670554235577583,0.09861015528440475,36.78942108154297,30.397018432617188
-3.0005581229389646,0.03163474425673485,0.03987310826778412,0.03301136568188667,0.0640673041343689,0.02327629365026951,0.06819607317447662,43.66331100463867,35.464542388916016
1.0050927518308164,0.008087295107543468,0.017224833369255066,0.028755784034729004,0.020277028903365135,0.018784815445542336,0.01300156768411398,43.66331100463867,35.464542388916016
8.548725589811802,0.04270395264029503,0.048291243612766266,0.03505060821771622,0.06543127447366714,0.02634938806295395,0.03610159829258919,48.64124298095703,38.3549690246582
-2.3719362157583235,0.046421993523836136,0.04941296949982643,0.03669535741209984,0.06843432039022446,0.028228770941495895,0.036169927567243576,50.649662017822266,40.96622848510742
-0.5836842663586139,0.04653587192296982,0.05281776934862137,0.03732295334339142,0.06964818388223648,0.02935026027262211,0.03693484887480736,50.649662017822266,40.96622848510742
0.41002214431762696,0.04356250911951065,0.04837789386510849,0.037493422627449036,0.06604459881782532,0.02833590842783451,0.037903793156147,52.93906021118164,48.0095100402832
-2.144348712787032,0.04599291458725929,0.05045371502637863,0.036466408520936966,0.06951332092285156,0.02773638814687729,0.03838810324668884,52.93906021118164,48.0095100402832
-1.2153500679135323,0.007247940171509981,0.021586667746305466,0.02800394967198372,0.024848757311701775,0.021553894504904747,0.014423871412873268,54.01332092285156,49.97874069213867
0.4553607203066349,0.005888253450393677,0.018532460555434227,0.025463473051786423,0.02185346744954586,0.01783531717956066,0.01218449417501688,53.89448928833008,49.871070861816406
0.7521238243579864,0.00621964642778039,0.0136996665969491,0.0254192091524601,0.02007450722157955,0.018112163990736008,0.011322688311338425,52.876243591308594,49.80988311767578
-36.74843459129333,0.031535353511571884,0.040151506662368774,0.031729817390441895,0.047167424112558365,0.025793541222810745,0.04205089062452316,52.21099472045898,49.77851867675781
-4.929144768416881,0.02880832925438881,0.03819654509425163,0.030328204855322838,0.043896518647670746,0.0243297778069973,0.039125025272369385,56.28871536254883,49.79735565185547
0.971316178739071,0.0320197194814682,0.04098254442214966,0.029485702514648438,0.046357445418834686,0.025409555062651634,0.04194444417953491,56.28871536254883,49.79735565185547
-0.045889291120693086,0.030292097479104996,0.04036112502217293,0.03020750917494297,0.04277870059013367,0.02585512399673462,0.04044610634446144,59.9439697265625,49.86522674560547
-0.23112285792827605,0.03215887397527695,0.06756622344255447,0.037263501435518265,0.05755448713898659,0.03202646225690842,0.05120902881026268,57.55002975463867,48.65123748779297
26.341005458831788,0.018594883382320404,0.0601467527449131,0.033670324832201004,0.04597995802760124,0.02820097655057907,0.042142029851675034,55.292388916015625,45.38962936401367
-5.669987815618515,0.022930894047021866,0.09518744051456451,0.03711685165762901,0.05187630280852318,0.03261508047580719,0.056644681841135025,54.51075744628906,42.8471565246582
-2.029560136497021,0.02308806963264942,0.10068905353546143,0.035471897572278976,0.05167088285088539,0.03274598345160484,0.057734306901693344,54.103515625,40.36311340332031
0.5232139402627944,0.022922679781913757,0.10915716737508774,0.03426007181406021,0.05026225745677948,0.03251449763774872,0.05544519051909447,53.68167495727539,37.9759635925293
-1.4026819160580635,0.021372996270656586,0.08673147112131119,0.02722671627998352,0.035991452634334564,0.02526508830487728,0.045412227511405945,53.98005676269531,35.50548553466797
-0.08311853855848313,0.01200881041586399,0.08592753112316132,0.023922700434923172,0.031462930142879486,0.023072052747011185,0.04016125574707985,52.89786529541016,34.14567184448242
-1.4582328695058822,0.009457756765186787,0.028729243203997612,0.02514461986720562,0.020848041400313377,0.01642555370926857,0.014462384395301342,52.37897491455078,30.56264305114746
1.3767830423940906,0.007245207205414772,0.01118193008005619,0.0230113435536623,0.01889306679368019,0.015834352001547813,0.009296774864196777,50.78176498413086,29.82850646972656
-1.0449804967641831,0.007569276262074709,0.009953698143362999,0.023388756439089775,0.01828637719154358,0.018049748614430428,0.008887714706361294,49.18695068359375,26.01469993591309
-0.12912929736077786,0.006220845505595207,0.009424705058336258,0.023340575397014618,0.018140826374292374,0.016969216987490654,0.00904945656657219,47.67291259765625,22.463787078857425
0.5349708877503871,0.006163889076560736,0.01012853067368269,0.022890126332640648,0.01864825375378132,0.017935331910848618,0.008397969417273998,46.099151611328125,18.926231384277344
3.160836559534073,0.0064872209914028645,0.009657665155827999,0.02155350148677826,0.01838291622698307,0.018054760992527008,0.007188106421381235,43.53662872314453,15.222424507141112
0.2775820696353912,0.006347482092678547,0.008656670339405537,0.021491970866918564,0.018747501075267792,0.016818588599562645,0.008061002939939499,42.8750114440918,13.056879043579102
-2.007267965078354,0.005727401003241539,0.010790364816784859,0.02158905193209648,0.017005955800414085,0.01564241573214531,0.008297656662762165,42.34933090209961,13.010319709777832
30.604651545286178,0.024979671463370323,0.06385565549135208,0.022080307826399803,0.028664054349064827,0.016376424580812454,0.05148870870471001,41.123443603515625,12.922528266906738
4.998759328983724,0.022385429590940475,0.058285363018512726,0.02272665873169899,0.026914989575743675,0.018226856365799904,0.04761207848787308,41.58503723144531,12.974225044250488
-1.72161656498909,0.025532107800245285,0.06810656189918518,0.02433096058666706,0.027973948046565056,0.01753311976790428,0.05225231871008873,41.38604736328125,13.32133674621582
-2.163339096568525,0.02491426095366478,0.06618323922157288,0.024557480588555336,0.027845602482557297,0.018369408324360847,0.05108305811882019,40.95286178588867,15.106809616088867
-0.07738919645547866,0.023578401654958725,0.06581603735685349,0.02565145120024681,0.02761620655655861,0.020425409078598022,0.0522976778447628,44.6647834777832,16.155010223388672
0.7441794270277023,0.01065331045538187,0.022932717576622963,0.022625623270869255,0.023866625502705574,0.019795969128608704,0.015315262600779533,48.20825958251953,16.248538970947266
1.5870396795868873,0.008611948229372501,0.013896158896386623,0.022420957684516907,0.021554172039031982,0.018892081454396248,0.011730150319635868,47.73336791992188,16.266956329345703
1.0488740614056586,0.008343061432242393,0.014524308033287525,0.02283581532537937,0.02078523486852646,0.018051737919449806,0.011158203706145287,46.68071746826172,16.33725357055664
1.8673255693167448,0.008536853827536106,0.019606204703450203,0.02214558608829975,0.018568232655525208,0.019146135076880455,0.011935795657336712,45.17940139770508,16.40292739868164
-0.24407722346484662,0.008343326859176159,0.019753267988562584,0.020820876583456993,0.018930763006210327,0.016501381993293762,0.012365052476525307,41.4743766784668,16.50733757019043
-1.709956073462963,0.006596885155886412,0.0161716528236866,0.02250235341489315,0.01448106300085783,0.01678621955215931,0.008078111335635185,38.87342834472656,16.37470817565918
-3.0772252118587495,0.006664809305220842,0.014864196069538593,0.0230364091694355,0.015885140746831894,0.0168021097779274,0.006755634676665068,36.81924057006836,16.253610610961914
-1.7966609052568674,0.007024234626442194,0.013699568808078766,0.022001272067427635,0.016918014734983444,0.016490567475557327,0.008308732882142067,36.73262786865234,16.220937728881836
-3.075466085150838,0.006270995829254389,0.009707354009151459,0.022691352292895317,0.017768224701285362,0.015188687480986118,0.0073738195933401585,35.87841033935547,16.319538116455078
-2.962601548153907,0.006721496116369963,0.014401831664144993,0.022178148850798607,0.018846046179533005,0.01697993464767933,0.0076168254017829895,36.18404006958008,16.26613998413086
1.2665732423658482,0.008268015459179878,0.014076496474444866,0.021567992866039276,0.02045360952615738,0.01749385893344879,0.006997266784310341,36.02047348022461,16.084518432617188
2.1602577567100525,0.007637592498213053,0.015261051245033741,0.02267194166779518,0.020193610340356827,0.01739712618291378,0.006624402012676001,37.53318405151367,15.86732292175293
-0.18269114792346955,0.007298752199858427,0.014621593989431858,0.021248582750558853,0.021047847345471382,0.01579904928803444,0.00750715471804142,37.59616088867188,15.789878845214844
1.2767468874156476,0.007494874764233828,0.013024562038481236,0.020640939474105835,0.021293219178915024,0.017995746806263924,0.007763990666717291,39.09134292602539,15.706457138061523
0.9662997211981564,0.006782084703445435,0.01059930119663477,0.020783698186278343,0.020605657249689102,0.01958489790558815,0.007807463873177767,40.30790328979492,15.7418794631958
0.3868541257828474,0.004957936704158783,0.010503518395125866,0.020544447004795074,0.020289385691285133,0.018847661092877388,0.008394288830459118,33.58406448364258,15.760292053222656
-1.8680153632164,0.006737662944942713,0.01105340477079153,0.021000443026423454,0.02139224112033844,0.018557148054242134,0.008543464355170727,25.09764862060547,15.623250007629396
0.5714878144860268,0.006263557355850935,0.011443328112363815,0.02124902978539467,0.01949499174952507,0.01874368265271187,0.008632494136691093,17.024633407592773,15.589714050292969
-0.46873570322990415,0.0065280599519610405,0.010972723364830017,0.021383492276072502,0.018808182328939438,0.018122665584087372,0.009128894656896591,12.306410789489746,13.989872932434082
-3.7439111848175526,0.00658511184155941,0.0087949950248003,0.0202273428440094,0.017686201259493828,0.016774024814367294,0.008870545774698257,8.973369598388672,12.813255310058594
-2.7708635879307986,0.00633834395557642,0.008423917926847935,0.02127588726580143,0.017349660396575928,0.017698490992188454,0.00808718428015709,10.491535186767578,12.531270027160645
0.51022446423769,0.005473875906318426,0.008695267140865326,0.020971443504095078,0.020987192168831825,0.01751396246254444,0.009143690578639507,13.118634223937988,12.309511184692385
3.0613882625102997,0.005789733491837978,0.013601358979940414,0.021641915664076805,0.0213460810482502,0.017371444031596184,0.009416271932423115,17.341297149658203,12.252995491027832
1.0584644327312709,0.0062706079334020615,0.015170924365520477,0.02275744080543518,0.02111417055130005,0.0161602720618248,0.008728579618036747,24.11353874206543,12.21638011932373
-2.0541595602035523,0.006420994643121958,0.01607930287718773,0.024060813710093498,0.020974284037947655,0.01567941904067993,0.008959113620221615,29.276351928710938,12.20959186553955
1.7463688942790032,0.0063024419359862804,0.014234824106097221,0.024907978251576424,0.022261254489421844,0.015346245840191841,0.009761392138898373,29.866117477416992,12.21705436706543
-4.023350528925658,0.006250182632356882,0.015233265236020088,0.022919289767742157,0.02010275609791279,0.016067082062363625,0.009340724907815456,30.87405586242676,12.151333808898926
0.3674153071641922,0.007096900139003992,0.014354358427226543,0.023354671895503998,0.020779917016625404,0.01726149395108223,0.009416946209967136,31.666690826416016,11.993318557739258
-1.8153303605131805,0.007849999703466892,0.012342508882284164,0.02319406159222126,0.022557098418474197,0.01683506742119789,0.010183334350585938,30.80554580688477,12.183942794799805
0.018635085821151733,0.00810923520475626,0.013227411545813084,0.020967943593859673,0.021719321608543396,0.01691850833594799,0.009424622170627117,31.101457595825195,12.141103744506836
-0.6020481792092324,0.00943974032998085,0.01391600538045168,0.02051132172346115,0.022599106654524803,0.01760275661945343,0.008984281681478024,30.122011184692383,12.16172981262207
0.29501998275518415,0.009764519520103931,0.012472875416278839,0.02068820782005787,0.021891403943300247,0.017155177891254425,0.008997039869427681,31.3256778717041,12.176473617553713
-5.639050523936748,0.009629698470234871,0.014507338404655457,0.020650740712881088,0.020821858197450638,0.01799030415713787,0.011077187955379486,31.164230346679688,12.2601957321167
-1.319837843477726,0.00861191563308239,0.012594403699040413,0.020889725536108017,0.021630236878991127,0.018274901434779167,0.010661136358976364,36.47419738769531,12.292561531066896
7.223841904699802,0.008034422993659973,0.014364591799676418,0.022314848378300667,0.020973781123757362,0.018712900578975677,0.010518698021769524,39.54185485839844,12.259831428527832
-1.562027933932841,0.007675448432564735,0.020628899335861206,0.022481966763734818,0.019391003996133804,0.018151504918932915,0.010520724579691887,42.70381546020508,12.238676071166992
-1.8893455389887095,0.008262913674116135,0.021215206012129784,0.022792935371398926,0.0189185980707407,0.01879412867128849,0.010111598297953606,43.6034049987793,12.267395973205566
-1.7294691836833953,0.008095997385680676,0.02133716270327568,0.022890983149409294,0.02011251449584961,0.016676539555191994,0.008251966908574104,44.17886734008789,11.773319244384766
-1.7010755077004434,0.008542974479496479,0.02035129815340042,0.02171696349978447,0.018639232963323593,0.014677231200039387,0.010887405835092068,42.467803955078125,11.517139434814451
-1.0648032884299754,0.007895471528172493,0.019399818032979965,0.019665513187646866,0.017095176503062248,0.013010363094508648,0.010497740469872952,41.45531845092773,14.163301467895508
-0.19706627011299133,0.0090823695063591,0.012918802909553051,0.019573139026761055,0.018112480640411377,0.013678557239472866,0.009949646890163422,40.7895393371582,15.082727432250977
0.3566840982437134,0.00771849462762475,0.01072666049003601,0.018801173195242882,0.020450234413146973,0.012337028980255127,0.009970160201191902,35.48455810546875,19.102096557617188
2.3105400905758144,0.007815232500433922,0.011165713891386986,0.01865302212536335,0.02107376605272293,0.013322316110134125,0.009480844251811504,30.453426361083984,22.72944450378418
3.017208063006401,0.00707356259226799,0.01140385027974844,0.019368523731827736,0.021234266459941864,0.014117988757789135,0.008734490722417831,25.992849349975582,26.43778610229492
1.6876005521416664,0.007713275495916605,0.011494887061417103,0.01896529272198677,0.02042681910097599,0.016041439026594162,0.008811580948531628,25.27138900756836,29.87276840209961
2.2322343561053275,0.00832334440201521,0.009943178854882717,0.019353382289409637,0.0222869161516428,0.01514635793864727,0.00843878649175167,23.874666213989254,32.202186584472656
-1.362664776444435,0.008869639597833157,0.01257223542779684,0.01915469951927662,0.022135749459266663,0.01602344959974289,0.00987895205616951,22.869478225708008,32.299564361572266
-0.11898519158363342,0.008559956215322018,0.011146245524287224,0.01989707350730896,0.020721232518553734,0.015737202018499374,0.010166623629629612,22.632102966308597,32.33068084716797
-1.189085829705,0.007780130486935377,0.011600131168961525,0.020794283598661423,0.019733494147658348,0.016228748485445976,0.010574582032859325,21.894250869750977,32.87855529785156
-16.723262610435487,0.00840519368648529,0.02248142845928669,0.023963330313563347,0.025048483163118362,0.018803542479872704,0.02027134597301483,20.35384178161621,32.968875885009766
1.3020658636093139,0.010187657549977303,0.03767445683479309,0.025479678064584732,0.024407347664237022,0.02114473283290863,0.018759053200483322,18.881010055541992,32.933048248291016
11.155934471413493,0.02383803389966488,0.09310971200466156,0.028063306584954262,0.02919161133468151,0.022783486172556877,0.042666129767894745,25.83258819580078,32.99483108520508
1.5866054223477841,0.022315997630357742,0.09556017071008682,0.027520904317498207,0.02941635064780712,0.023532787337899208,0.04228603467345238,26.75762939453125,33.230281829833984
0.3801771941781044,0.024967877194285393,0.09347647428512573,0.027449985966086388,0.028958920389413834,0.022933682426810265,0.042199037969112396,30.85733985900879,33.62014389038086
0.30490042924880983,0.024093052372336388,0.09414997696876526,0.02531733550131321,0.027063388377428055,0.020478663966059685,0.040892548859119415,33.316890716552734,33.91326141357422
1.4818246293067932,0.02223278395831585,0.09092085063457489,0.0242124292999506,0.02419157139956951,0.017952799797058105,0.042817622423172,38.457218170166016,34.69188690185547
1.5223704066500068,0.007034581154584885,0.017560988664627075,0.022984011098742485,0.016959741711616516,0.014038034714758396,0.011202936992049217,39.31490707397461,37.439430236816406
-2.0780338104069234,0.007230937015265226,0.011762920767068863,0.02021924965083599,0.017407821491360664,0.01330573484301567,0.010521737858653069,39.78200149536133,40.02287673950195
3.803714575320482,0.0076889218762516975,0.012826438061892986,0.019526183605194092,0.016785569489002228,0.012296482920646667,0.010902141220867634,40.10565948486328,41.239990234375
-3.79324855864048,0.007915405556559563,0.014734065160155296,0.018828367814421654,0.018884560093283653,0.012388353236019611,0.01012805663049221,39.59797286987305,41.371864318847656
-3.870392905175686,0.008846227079629898,0.013560854829847813,0.018454475328326225,0.019170721992850304,0.014109805226325989,0.009431696496903896,40.57424545288086,43.3879280090332
1.6373283782973886,0.01044170930981636,0.024636628106236458,0.018759174272418022,0.02243318222463131,0.014193488284945488,0.014661608263850212,44.78058242797852,40.01302337646485
2.9095403690077366,0.011315291747450829,0.0448736846446991,0.02001342736184597,0.0224990863353014,0.014211753383278847,0.02032134123146534,48.2591438293457,36.31970977783203
11.37082140147686,0.015168452635407448,0.09142838418483734,0.021173160523176193,0.026117848232388496,0.0164662916213274,0.030195733532309532,51.03173828125,32.54062271118164
-0.7586661331355572,0.013959171250462532,0.10017458349466324,0.019912544637918472,0.0247963797301054,0.015507470816373825,0.026736252009868622,52.01578903198242,29.57241439819336
-0.4946384084224701,0.013531549833714962,0.10783796012401581,0.02045641466975212,0.023352403193712234,0.016352422535419464,0.028816213831305504,52.17745971679688,28.86885643005371
14.3927512216568,0.012004517018795013,0.10648711770772934,0.020453961566090584,0.02221931517124176,0.015552676282823086,0.02669384889304638,52.20316696166992,29.84689712524414
-1.132279051542282,0.011236682534217834,0.0970618948340416,0.019954834133386612,0.023661304265260696,0.015891622751951218,0.024579547345638275,52.32150268554688,29.97906875610352
2.6851454629004,0.008984088897705078,0.05934622511267662,0.02274949848651886,0.021409953013062477,0.015633728355169296,0.015390075743198395,52.30915451049805,29.3394775390625
0.5555975382030011,0.0064341179095208645,0.037395063787698746,0.020309554412961006,0.019150666892528534,0.015443775802850723,0.012099223211407661,52.49211120605469,29.46972274780273
-0.7892771899700165,0.0066763837821781635,0.036872830241918564,0.020545784384012222,0.02038346789777279,0.015090490691363811,0.011224541813135147,50.85865783691406,29.86989402770996
-0.048114164769649505,0.0049527776427567005,0.013157438486814499,0.020577766001224518,0.02093084156513214,0.014819991774857044,0.009082462638616562,47.8419303894043,29.907623291015625
-0.9414599213004112,0.007165387738496065,0.011837978847324848,0.020625067874789238,0.02109551429748535,0.012910449877381325,0.009849771857261658,44.26311874389648,29.65488624572754
0.05803903728723526,0.008152848109602928,0.012592434883117676,0.019473537802696228,0.022019144147634506,0.013444936834275723,0.010684001259505749,39.959434509277344,31.45416641235352
-1.026931136623025,0.009317548014223576,0.0137421740218997,0.01968483254313469,0.02253100648522377,0.013920137658715248,0.010871866717934608,33.85044860839844,32.44400405883789
-0.403136220574379,0.009093781001865864,0.012552948668599129,0.01867660880088806,0.02063114009797573,0.013241703622043133,0.012338410131633282,32.13414001464844,32.456016540527344
-4.498468177318573,0.010057358071208,0.012853117659687996,0.019171811640262604,0.02021917887032032,0.01497402973473072,0.010683050379157066,32.44206619262695,30.895313262939453
-0.3838472872972488,0.01270136795938015,0.01472733449190855,0.019087111577391624,0.022167615592479706,0.014972485601902008,0.011722132563591003,33.091461181640625,28.734899520874023
-1.314107251688838,0.01154712401330471,0.015394574962556362,0.01977626048028469,0.021217241883277893,0.016616636887192726,0.011877745389938354,32.523345947265625,27.714580535888672
7.584767780303955,0.04739660769701004,0.15766294300556183,0.04902998358011246,0.07975020259618759,0.034129317849874496,0.0825866088271141,36.0269775390625,24.864391326904297
-10.290198192596435,0.044787317514419556,0.172511026263237,0.06085602566599846,0.09043901413679123,0.04060288518667221,0.10406741499900818,36.82741928100586,22.31302261352539
-232.78711632609367,0.061571743339300156,0.3479771316051483,0.09086457639932632,0.11785319447517395,0.06054915115237236,0.13895756006240845,35.772064208984375,22.8387393951416
44.68507791519165,0.09733530133962631,0.39338281750679016,0.11225268989801407,0.14039726555347443,0.09984821081161499,0.15012645721435547,30.91886138916016,24.09596824645996
-4.452581627368927,0.09676814824342728,0.39307019114494324,0.12107591331005096,0.14115208387374878,0.10245111584663391,0.15069399774074554,30.0782413482666,25.33564567565918
-158.04813793182373,0.10129097104072571,0.4245574474334717,0.12811148166656494,0.1493159681558609,0.10741974413394928,0.13823844492435455,32.26174545288086,24.856586456298828
-5.066717651486397,0.0832393616437912,0.4434015154838562,0.11754565685987473,0.11015048623085022,0.09857745468616486,0.12479224056005478,34.236595153808594,23.597314834594727
-0.005517844557762146,0.08874338120222092,0.4633455276489258,0.11572173237800598,0.1160617396235466,0.09662538766860962,0.11109130084514618,35.33199691772461,22.568756103515625
1.4087934637069701,0.030539654195308685,0.26986828446388245,0.08724918216466904,0.051048457622528076,0.05595500394701958,0.0809248685836792,35.658203125,22.42826271057129
-0.43437498807907104,0.03270765021443367,0.2702201306819916,0.07881399989128113,0.04937969520688057,0.0435347817838192,0.07197052985429764,35.42630386352539,22.133054733276367
-2.2924480786919594,0.03071729838848114,0.2691621482372284,0.06596660614013672,0.043167490512132645,0.03989565744996071,0.08526846021413803,34.85503005981445,21.78124046325684
2.3587933391332627,0.01604151725769043,0.02060629427433014,0.058596089482307434,0.03425464779138565,0.033052846789360046,0.014083529822528362,34.88677215576172,21.435077667236328
0.18101701974868775,0.01607174053788185,0.021526020020246506,0.05694323778152466,0.03630957007408142,0.03381156176328659,0.013610410504043102,35.24464416503906,21.4384822845459
0.854738655090332,0.0153786800801754,0.019223038107156754,0.053203046321868896,0.03341638669371605,0.02817256934940815,0.01402581948786974,35.95527267456055,21.36403083801269
-1.8123626020550727,0.009556359611451626,0.021183833479881287,0.04111301153898239,0.032074909657239914,0.026916729286313057,0.013223178684711456,35.93964767456055,19.16552734375
2.1444410648941994,0.008359286934137344,0.02189447730779648,0.03779798001050949,0.030451560392975807,0.026649368926882744,0.011390568688511848,35.8056755065918,17.939552307128906
1.5018489849567414,0.009301997721195221,0.021452073007822037,0.03681724891066551,0.030737027525901794,0.02464229054749012,0.012606470845639706,35.06239700317383,17.144424438476562
-2.359189662998542,0.009124442003667355,0.021846892312169075,0.03607625886797905,0.027948757633566856,0.026412714272737503,0.011237435974180698,34.20564651489258,15.915956497192385
1.5825630182027817,0.007975690998136997,0.020273905247449875,0.03446750342845917,0.026211826130747795,0.02301611565053463,0.010832402855157852,32.63813781738281,15.523103713989258
0.28641862772405147,0.008966829627752304,0.00974283367395401,0.033498622477054596,0.023713309317827225,0.025116587057709694,0.008607358671724796,34.50151443481445,15.581927299499512
-0.10669677793979644,0.007689532358199358,0.008705264888703823,0.033577460795640945,0.02298191748559475,0.023180482909083366,0.008739207871258259,34.05950927734375,15.983322143554688
0.3608823318779468,0.007734967395663261,0.008252754807472229,0.03259437903761864,0.02003432810306549,0.024674898013472557,0.007605806924402714,31.170873641967773,15.736595153808594
-5.197135617733002,0.0067095160484313965,0.008642005734145641,0.031222451478242874,0.022086497396230698,0.022178519517183304,0.007302708923816681,29.316864013671875,14.79887866973877
-0.34809420466423036,0.006773356813937426,0.010618151165544987,0.031086469069123268,0.023789802566170692,0.024304864928126335,0.008860651403665543,29.630300521850582,13.561323165893556
-0.009420246481895447,0.006194715853780508,0.010778038762509823,0.03151959553360939,0.023651590570807457,0.023027552291750908,0.009821322746574879,28.6369571685791,12.31462574005127
0.6551213598251343,0.006136816460639238,0.011929239146411419,0.03162205591797829,0.023926936089992523,0.02352781966328621,0.010531462728977203,27.407623291015625,12.18931007385254
-1.665605388879776,0.006482911761850119,0.013354784809052944,0.03217031806707382,0.02375808358192444,0.022468961775302887,0.010771241970360279,28.34429931640625,11.78735637664795
-1.8995274263620376,0.006819940637797117,0.011687904596328735,0.03243719041347504,0.021926194429397583,0.022493181750178337,0.0110999196767807,28.879838943481445,11.733272552490234
-1.3707900339365005,0.0061696795746684074,0.010970348492264748,0.03128902241587639,0.021100882440805435,0.022141797468066216,0.010678036138415337,29.063526153564453,11.683135032653809
-1.21694284170866,0.005962608847767115,0.011254630982875824,0.030079858377575874,0.0226321741938591,0.022154131904244423,0.009713122621178627,29.430025100708008,11.742338180541992
1.4598477783240378,0.005990712903439999,0.012498595751821995,0.030405422672629356,0.02106148563325405,0.02118908427655697,0.009428828954696655,32.4422721862793,11.75562572479248
2.0820240384340285,0.0055338297970592976,0.01551118679344654,0.029420293867588043,0.02187313511967659,0.02106359601020813,0.009216229431331158,34.455116271972656,11.648662567138672
-0.9217799818515777,0.007230043411254883,0.014232402667403221,0.027972152456641197,0.021628722548484802,0.02203245274722576,0.009152514860033989,38.50675964355469,11.47758674621582
0.015185516476631165,0.00842566043138504,0.015598021447658539,0.028355471789836884,0.021571746096014977,0.024312831461429596,0.009524366818368435,43.49799346923828,11.48302173614502
-0.5121630871295929,0.009188578464090824,0.014669961296021938,0.029316840693354607,0.022699985653162003,0.023775355890393257,0.009620499797165394,47.42714691162109,11.435853004455566
2.934174287319183,0.011773472651839256,0.01664738915860653,0.029543349519371986,0.02387888915836811,0.023099878802895546,0.010824831202626228,50.39013671875,11.348565101623535
1.8907689774036407,0.011954174377024174,0.015583316795527935,0.028917578980326653,0.025534307584166527,0.0217317882925272,0.009181136265397072,52.14254379272461,11.25056266784668
-5.650971318781376,0.012080701999366283,0.018242137506604195,0.029585236683487892,0.023681243881583214,0.02162032574415207,0.00994886551052332,53.151466369628906,11.205022811889648
3.294025456905365,0.01053721085190773,0.018782032653689384,0.028634779155254364,0.02425381727516651,0.019040346145629883,0.009338499046862125,52.16111755371094,11.125517845153809
3.5117163568735124,0.010336966253817081,0.019101673737168312,0.02760900929570198,0.025025615468621254,0.019639398902654648,0.009508851915597916,50.75115966796875,10.770105361938477
-1.2384380900859833,0.00761267589405179,0.017854806035757065,0.028549274429678917,0.023748135194182396,0.02137557417154312,0.008793461136519909,51.09450149536133,10.32419776916504
-4.345764033347368,0.008052758872509003,0.0175008624792099,0.02844090387225151,0.02155350334942341,0.022367257624864578,0.008177747018635273,51.82755279541016,10.06538200378418
4.569933623671532,0.007813716307282448,0.015389948152005672,0.028795013204216957,0.021655317395925522,0.02148163504898548,0.008187231607735157,52.59539413452149,9.72133731842041
2.1008363155648113,0.006415779236704111,0.0150077473372221,0.0283216442912817,0.022164223715662956,0.02207571268081665,0.008756889961659908,53.52238082885742,9.793249130249023
0.6216321647167206,0.006505812983959913,0.01569962315261364,0.02770300954580307,0.020814990624785423,0.021321721374988556,0.0065693301148712635,54.01456832885742,9.870790481567385
2.485021031871438,0.006896653212606907,0.017567956820130348,0.02587047778069973,0.019977713003754616,0.02021917514503002,0.0068599446676671505,53.96965026855469,9.947664260864258
0.2028278186917305,0.006020859349519014,0.015741026028990746,0.02658606506884098,0.02055620774626732,0.018826037645339966,0.007434962783008814,54.26391220092773,9.98976707458496
-1.829395914822817,0.006091751623898745,0.01273349393159151,0.024413084611296654,0.02114434540271759,0.019789038226008415,0.006495386827737093,54.92726516723633,10.060773849487305
3.0372351205348966,0.005941649898886681,0.013368530198931694,0.026824185624718666,0.019612377509474754,0.01950732432305813,0.006730848923325539,56.8046875,10.056695938110352
0.7684465482831001,0.006280169356614351,0.013966281898319721,0.025668464601039886,0.020752588286995888,0.01857227087020874,0.007237860932946205,56.9575309753418,10.165959358215332
2.566276296377182,0.00556405121460557,0.013335430063307285,0.02698625810444355,0.021056249737739563,0.019154494628310204,0.007398002315312624,58.90165710449219,10.27757453918457
-0.2861876341700554,0.005553322844207287,0.01319352351129055,0.02675654925405979,0.022468693554401398,0.0193184744566679,0.007653683423995972,58.86510467529297,10.25163745880127
4.220012933909893,0.005208991467952728,0.01360620092600584,0.026448233053088188,0.02374708466231823,0.0199456587433815,0.0073864758014678955,57.36426544189453,10.258780479431152
0.1632516872882843,0.004429352004081011,0.013352598063647747,0.025131095200777054,0.02399863488972187,0.02107485570013523,0.008117526769638062,55.96713638305664,10.281576156616213
-0.0648560255765915,0.0052732680924236774,0.012735957279801369,0.02693978324532509,0.022317936643958092,0.019660500809550285,0.008459926582872868,54.11391830444336,10.29419994354248
-1.2281854844093323,0.0059107523411512375,0.011940089985728264,0.027098268270492554,0.022888774052262306,0.018480831757187843,0.00857413187623024,52.9601936340332,10.286169052124023
1.0166571909189224,0.01232826430350542,0.012987076304852962,0.02662793919444084,0.023686114698648453,0.018793625757098198,0.008865628391504288,52.66400146484375,10.355021476745604
-0.21648539705667644,0.01193971373140812,0.013377430848777294,0.02745848521590233,0.024139635264873505,0.01694554090499878,0.009503431618213654,51.907501220703125,10.318696975708008
1.410054978132248,0.013311905786395073,0.011582344770431519,0.028799524530768394,0.02394077740609646,0.016941698268055916,0.009369105100631714,51.58418273925781,10.310529708862305
-1.8944899392127992,0.012631659395992756,0.011769379489123821,0.026514574885368347,0.02532985247671604,0.01820475235581398,0.009134797379374504,50.41331100463867,10.30850601196289
-1.436365178823471,0.012920880690217018,0.011469241231679916,0.028095688670873642,0.02482304722070694,0.018328608945012093,0.009149354882538319,49.47427749633789,10.332399368286133
-0.2700106036663055,0.00487028481438756,0.011245125904679298,0.028360502794384956,0.024309389293193817,0.021025806665420532,0.008022520691156387,48.93578720092773,10.43356704711914
2.075465850532055,0.00565050495788455,0.00970909558236599,0.027314122766256332,0.022297296673059464,0.022966712713241577,0.008464629761874676,47.4881477355957,10.503667831420898
-2.0005526936054228,0.005941048264503479,0.010358418338000774,0.027549609541893005,0.02264234982430935,0.021593116223812103,0.008376500569283962,46.80170822143555,10.458002090454102
-3.2980727916955948,0.006128463428467512,0.009470118209719658,0.027778830379247665,0.021043824031949043,0.02206861972808838,0.0071432883851230145,46.09969711303711,10.444671630859377
-2.0138555868715047,0.0063552772626280785,0.017604585736989975,0.026323216035962105,0.01965138502418995,0.01995173655450344,0.006870551034808159,44.97663879394531,10.432357788085938
-0.6159965988993644,0.006433907430619001,0.016919121146202087,0.026276078075170517,0.01984304189682007,0.01938122883439064,0.008740702643990517,42.39999008178711,10.423879623413086
-1.2119257405400277,0.005699059925973415,0.017875883728265762,0.02798977680504322,0.01855650171637535,0.01837613433599472,0.008788214065134525,39.558929443359375,10.462905883789062
-2.4177790027856827,0.006767619866877794,0.016720645129680634,0.02893928438425064,0.021583545953035355,0.01862230896949768,0.008867193013429642,37.14435577392578,10.54133129119873
-0.09391144186258316,0.006072357762604952,0.017129970714449883,0.027682650834321976,0.022169411182403564,0.018721505999565125,0.00941917859017849,31.59178352355957,10.56325340270996
1.330459882542491,0.0058004772290587425,0.009578327648341656,0.028048068284988403,0.022005850449204445,0.020513184368610382,0.009672454558312893,25.28700065612793,11.788751602172852
-2.6062846169620753,0.006515046115964651,0.0088235754519701,0.0283503495156765,0.02086285687983036,0.019891945645213127,0.00830321665853262,17.987552642822266,13.720586776733398
1.1081905031204224,0.006694598123431206,0.009072490967810154,0.027004795148968697,0.02386920526623726,0.020647456869482994,0.0089453449472785,14.676612854003906,13.808749198913574
-0.7340707576274872,0.00617416575551033,0.008858663961291313,0.02709794230759144,0.02149302326142788,0.020279409363865852,0.009333902969956398,13.892538070678713,13.890832901000977
-1.503241692185402,0.006087747868150473,0.00886576622724533,0.02614307403564453,0.021802645176649094,0.019664255902171135,0.008283352479338646,12.368301391601562,13.9524564743042
-0.24204082489013673,0.006852338556200266,0.009267187677323818,0.025177855044603348,0.023578988388180733,0.019764931872487068,0.00894465297460556,10.297463417053224,14.06280517578125
1.7394473448395729,0.006737878080457449,0.008424700237810612,0.02653970755636692,0.024075431749224663,0.02115379460155964,0.008158590644598007,12.228365898132324,14.185516357421877
1.6951551726460456,0.007107355631887913,0.007947202771902084,0.026867063716053963,0.023299051448702812,0.02048632502555847,0.006617904175072908,13.778124809265137,14.477350234985352
-0.5100458684563637,0.00998068880289793,0.010045015253126621,0.026280321180820465,0.024145469069480896,0.020962489768862724,0.008312758058309555,18.285348892211918,15.092300415039062
1.306692441701889,0.010153132490813732,0.009685474447906017,0.027516914531588554,0.02365800179541111,0.01920168474316597,0.010087525472044945,27.971742630004883,15.2935152053833
-3.3407697296887635,0.009845547378063202,0.010982461273670197,0.025378772988915443,0.023807860910892487,0.02070699818432331,0.009906466118991375,30.93842887878418,15.293535232543944
-3.470086020976305,0.010116592049598694,0.013539575971662998,0.024889998137950897,0.023557571694254875,0.016780469566583633,0.010364817455410957,34.54947662353516,15.264646530151367
0.9698362362384796,0.009069038555026054,0.013311863876879215,0.024694131687283516,0.0247464831918478,0.01578543335199356,0.009728164412081242,39.18819808959961,15.261993408203123
-5.180515849292278,0.005999825894832611,0.012398621067404747,0.02458375319838524,0.02184506319463253,0.016460685059428215,0.009309859946370125,43.32139205932617,15.766345024108888
-0.18908480197191238,0.006439939606934786,0.0135402986779809,0.024108899757266045,0.022361118346452713,0.017186349257826805,0.007827626541256905,45.68389892578125,15.734647750854492
-0.13058140527457,0.006481213960796595,0.013051753863692284,0.024458156898617744,0.022577643394470215,0.01583494246006012,0.006904784590005875,47.0783805847168,15.79091453552246
0.6832197442837059,0.013105145655572414,0.011723700910806656,0.02527238242328167,0.022530533373355865,0.016691511496901512,0.010449412278831005,47.55120849609375,15.738064765930176
5.5282813632488255,0.013683545403182507,0.0161259975284338,0.024724498391151428,0.022353805601596832,0.01608448289334774,0.011143996380269527,48.13206481933594,15.59040069580078
0.5504968608915806,0.013348412699997425,0.014435768127441406,0.025457121431827545,0.023838898167014122,0.0156750176101923,0.011009966023266315,49.06557083129883,15.485224723815918
-0.5174274179339409,0.012677078135311604,0.015496086329221725,0.025287818163633347,0.023109037429094315,0.01693490333855152,0.011313023045659065,49.93059921264648,15.336102485656738
-0.30115700483322144,0.012894975952804089,0.014859168790280819,0.02630179561674595,0.022086678072810173,0.01811830885708332,0.010898270644247532,50.87970733642578,14.030014038085938
-0.8969130066037178,0.005802111234515905,0.013699579983949661,0.02699197269976139,0.018413176760077477,0.018460698425769806,0.007085670251399279,50.966705322265625,12.182711601257324
-2.1760860109329223,0.005686658434569836,0.01080960500985384,0.025798115879297256,0.017419269308447838,0.01995554380118847,0.0071253604255616665,50.93525695800781,12.075878143310549
-0.058370676338672635,0.005717962048947811,0.010372021235525608,0.025824856013059616,0.01863054744899273,0.01993246003985405,0.007653005421161652,51.09914779663086,12.039706230163574
2.711486044898629,0.005779938772320747,0.009683264419436455,0.026739181950688362,0.020385343581438065,0.01833318918943405,0.008121532388031483,51.38430404663086,12.088735580444336
-2.560547184497118,0.005796872545033693,0.011528747156262398,0.02521560527384281,0.01935480907559395,0.019482141360640526,0.008549097925424576,50.52936935424805,12.100668907165527
-0.7449714115262032,0.006029019132256508,0.011207755655050278,0.024656709283590317,0.02129024639725685,0.019998980686068535,0.008374284952878952,49.069435119628906,12.102628707885742
-0.6826639834791421,0.00530906580388546,0.011229596100747585,0.026576898992061615,0.0202922523021698,0.020411906763911247,0.007965263910591602,49.069435119628906,12.102628707885742
-2.108566197156906,0.005380609072744846,0.0113031892105937,0.02546961046755314,0.019374845549464226,0.020785294473171234,0.007313392590731382,41.59186935424805,11.376924514770508
0.1367625543475151,0.005033947993069887,0.009885684587061405,0.025088045746088028,0.018949609249830246,0.021608350798487663,0.006921988446265459,36.41461944580078,11.226046562194824
0.33518640547990797,0.005030111409723759,0.009435201063752174,0.026615094393491745,0.01791178248822689,0.0200545284897089,0.007407967932522297,30.82835960388184,11.302772521972656
-4.589870961904526,0.00522595876827836,0.011781778186559677,0.026360366493463516,0.01782160997390747,0.019946420565247536,0.006842362694442272,23.593769073486328,11.47765064239502
0.9489236514270306,0.005439779721200466,0.011736775748431683,0.02505982480943203,0.020219428464770317,0.017731864005327225,0.007110233418643475,16.303361892700195,11.675570487976074
1.2204492498119361,0.00553107587620616,0.01142892986536026,0.02634771540760994,0.020225252956151962,0.018051711842417717,0.0075038522481918335,13.76259422302246,11.29173469543457
2.899094630777836,0.006230605766177177,0.012353003025054932,0.02713238075375557,0.01898258365690708,0.019382456317543983,0.008234239183366299,12.52173137664795,11.5237455368042
-0.3116688361763954,0.006803405471146107,0.01125606894493103,0.026484593749046326,0.0213950052857399,0.02004406787455082,0.007789773866534233,14.296065330505373,11.480436325073242
-1.8975746999680996,0.00759903434664011,0.009400565177202225,0.026506053283810616,0.022871432825922966,0.020488079637289047,0.008353891782462597,15.167048454284668,11.74278450012207
-0.5627516090869904,0.007839015685021877,0.009390013292431831,0.026640208438038826,0.021132731810212135,0.02166050300002098,0.007906067185103893,15.167048454284668,11.74278450012207
0.7211429727077484,0.007400014437735081,0.009620080702006817,0.025615207850933075,0.02279886044561863,0.020684953778982162,0.008783613331615925,16.319686889648438,12.231088638305664
0.0025584429502487184,0.008373632095754147,0.010308871045708656,0.0259763952344656,0.02455560490489006,0.022503618150949478,0.008247479796409607,17.035734176635742,12.287063598632812
1.0104201993346213,0.008600310422480106,0.009990961290895939,0.025647936388850212,0.025290479883551598,0.020865758880972862,0.008607188239693642,17.035734176635742,12.287063598632812
